# Temperatura_=_20.0
# Concentracion g/m^3_=_18000.0
# C_Vs_to_Am_M_A/Vsm_=_116720831517.84952
# pendiente_HvsI_1/m_=_3716.3
# ordenada_HvsI_A/m_=_1297.0
# frecuencia_Hz_=_108506.4902219582
# Promedio de 27 ciclos

Tiempo_(s)	Campo_(V.s)	Magnetizacion_(V.s)	Campo_(kA/m)	Magnetizacion_(A/m)
0.000000e+00	-6.881603e-09	-6.916999e-09	-5.698490e+01	-8.026570e+02
1.000000e-08	-6.881626e-09	-6.920305e-09	-5.698509e+01	-8.028815e+02
2.000000e-08	-6.881340e-09	-6.919321e-09	-5.698272e+01	-8.030612e+02
3.000000e-08	-6.880717e-09	-6.917917e-09	-5.697756e+01	-8.031732e+02
4.000000e-08	-6.879786e-09	-6.913357e-09	-5.696985e+01	-8.032002e+02
5.000000e-08	-6.878590e-09	-6.908340e-09	-5.695994e+01	-8.031322e+02
6.000000e-08	-6.877121e-09	-6.902813e-09	-5.694778e+01	-8.029687e+02
7.000000e-08	-6.875358e-09	-6.899828e-09	-5.693319e+01	-8.027184e+02
8.000000e-08	-6.873258e-09	-6.901884e-09	-5.691580e+01	-8.023979e+02
9.000000e-08	-6.870795e-09	-6.904996e-09	-5.689540e+01	-8.020299e+02
1.000000e-07	-6.867927e-09	-6.921381e-09	-5.687165e+01	-8.016396e+02
1.100000e-07	-6.864539e-09	-6.937836e-09	-5.684359e+01	-8.012520e+02
1.200000e-07	-6.860639e-09	-6.937872e-09	-5.681130e+01	-8.008880e+02
1.300000e-07	-6.856453e-09	-6.915041e-09	-5.677664e+01	-8.005622e+02
1.400000e-07	-6.852190e-09	-6.887451e-09	-5.674133e+01	-8.002812e+02
1.500000e-07	-6.847799e-09	-6.893839e-09	-5.670498e+01	-8.000426e+02
1.600000e-07	-6.842953e-09	-6.905659e-09	-5.666484e+01	-7.998366e+02
1.700000e-07	-6.837588e-09	-6.875641e-09	-5.662042e+01	-7.996470e+02
1.800000e-07	-6.832035e-09	-6.873684e-09	-5.657443e+01	-7.994542e+02
1.900000e-07	-6.826283e-09	-6.914889e-09	-5.652681e+01	-7.992386e+02
2.000000e-07	-6.820063e-09	-6.901453e-09	-5.647530e+01	-7.989830e+02
2.100000e-07	-6.813578e-09	-6.870637e-09	-5.642160e+01	-7.986759e+02
2.200000e-07	-6.807019e-09	-6.870592e-09	-5.636728e+01	-7.983127e+02
2.300000e-07	-6.800097e-09	-6.882957e-09	-5.630997e+01	-7.978964e+02
2.400000e-07	-6.792745e-09	-6.856706e-09	-5.624908e+01	-7.974375e+02
2.500000e-07	-6.785183e-09	-6.844147e-09	-5.618646e+01	-7.969518e+02
2.600000e-07	-6.777347e-09	-6.864895e-09	-5.612158e+01	-7.964582e+02
2.700000e-07	-6.769124e-09	-6.834527e-09	-5.605349e+01	-7.959759e+02
2.800000e-07	-6.760705e-09	-6.816279e-09	-5.598376e+01	-7.955213e+02
2.900000e-07	-6.752009e-09	-6.837515e-09	-5.591175e+01	-7.951054e+02
3.000000e-07	-6.742852e-09	-6.832414e-09	-5.583593e+01	-7.947324e+02
3.100000e-07	-6.733433e-09	-6.802197e-09	-5.575793e+01	-7.943984e+02
3.200000e-07	-6.723781e-09	-6.812884e-09	-5.567801e+01	-7.940923e+02
3.300000e-07	-6.713602e-09	-6.824282e-09	-5.559372e+01	-7.937971e+02
3.400000e-07	-6.702950e-09	-6.800390e-09	-5.550551e+01	-7.934922e+02
3.500000e-07	-6.692077e-09	-6.796033e-09	-5.541548e+01	-7.931562e+02
3.600000e-07	-6.680874e-09	-6.795541e-09	-5.532271e+01	-7.927701e+02
3.700000e-07	-6.669275e-09	-6.782232e-09	-5.522666e+01	-7.923194e+02
3.800000e-07	-6.657357e-09	-6.778856e-09	-5.512796e+01	-7.917963e+02
3.900000e-07	-6.645105e-09	-6.775528e-09	-5.502651e+01	-7.912009e+02
4.000000e-07	-6.632547e-09	-6.772918e-09	-5.492252e+01	-7.905405e+02
4.100000e-07	-6.619725e-09	-6.776957e-09	-5.481635e+01	-7.898287e+02
4.200000e-07	-6.606568e-09	-6.768583e-09	-5.470739e+01	-7.890834e+02
4.300000e-07	-6.593061e-09	-6.756637e-09	-5.459554e+01	-7.883241e+02
4.400000e-07	-6.579315e-09	-6.749896e-09	-5.448172e+01	-7.875691e+02
4.500000e-07	-6.565321e-09	-6.728663e-09	-5.436584e+01	-7.868329e+02
4.600000e-07	-6.551055e-09	-6.710504e-09	-5.424770e+01	-7.861244e+02
4.700000e-07	-6.536507e-09	-6.712742e-09	-5.412724e+01	-7.854455e+02
4.800000e-07	-6.521639e-09	-6.706628e-09	-5.400412e+01	-7.847912e+02
4.900000e-07	-6.506458e-09	-6.704739e-09	-5.387841e+01	-7.841506e+02
5.000000e-07	-6.490947e-09	-6.718618e-09	-5.374996e+01	-7.835081e+02
5.100000e-07	-6.475077e-09	-6.713261e-09	-5.361855e+01	-7.828461e+02
5.200000e-07	-6.458877e-09	-6.700160e-09	-5.348440e+01	-7.821476e+02
5.300000e-07	-6.442384e-09	-6.695354e-09	-5.334782e+01	-7.813984e+02
5.400000e-07	-6.425591e-09	-6.677417e-09	-5.320877e+01	-7.805890e+02
5.500000e-07	-6.408499e-09	-6.658971e-09	-5.306723e+01	-7.797162e+02
5.600000e-07	-6.391118e-09	-6.652172e-09	-5.292330e+01	-7.787831e+02
5.700000e-07	-6.373443e-09	-6.644684e-09	-5.277694e+01	-7.777986e+02
5.800000e-07	-6.355464e-09	-6.640547e-09	-5.262806e+01	-7.767761e+02
5.900000e-07	-6.337152e-09	-6.642751e-09	-5.247642e+01	-7.757317e+02
6.000000e-07	-6.318520e-09	-6.637867e-09	-5.232213e+01	-7.746818e+02
6.100000e-07	-6.299609e-09	-6.627888e-09	-5.216553e+01	-7.736410e+02
6.200000e-07	-6.280421e-09	-6.618657e-09	-5.200664e+01	-7.726202e+02
6.300000e-07	-6.260942e-09	-6.601395e-09	-5.184535e+01	-7.716255e+02
6.400000e-07	-6.241174e-09	-6.582520e-09	-5.168165e+01	-7.706575e+02
6.500000e-07	-6.221139e-09	-6.568610e-09	-5.151574e+01	-7.697117e+02
6.600000e-07	-6.200842e-09	-6.558577e-09	-5.134767e+01	-7.687795e+02
6.700000e-07	-6.180290e-09	-6.555952e-09	-5.117748e+01	-7.678494e+02
6.800000e-07	-6.159473e-09	-6.557697e-09	-5.100510e+01	-7.669092e+02
6.900000e-07	-6.138373e-09	-6.554945e-09	-5.083038e+01	-7.659473e+02
7.000000e-07	-6.117007e-09	-6.548055e-09	-5.065346e+01	-7.649548e+02
7.100000e-07	-6.095359e-09	-6.541346e-09	-5.047419e+01	-7.639263e+02
7.200000e-07	-6.073425e-09	-6.529625e-09	-5.029256e+01	-7.628602e+02
7.300000e-07	-6.051215e-09	-6.515034e-09	-5.010864e+01	-7.617590e+02
7.400000e-07	-6.028722e-09	-6.499427e-09	-4.992238e+01	-7.606282e+02
7.500000e-07	-6.005918e-09	-6.484453e-09	-4.973355e+01	-7.594755e+02
7.600000e-07	-5.982772e-09	-6.474174e-09	-4.954188e+01	-7.583091e+02
7.700000e-07	-5.959289e-09	-6.466238e-09	-4.934742e+01	-7.571364e+02
7.800000e-07	-5.935500e-09	-6.457409e-09	-4.915044e+01	-7.559628e+02
7.900000e-07	-5.911430e-09	-6.446794e-09	-4.895112e+01	-7.547908e+02
8.000000e-07	-5.887065e-09	-6.437589e-09	-4.874935e+01	-7.536198e+02
8.100000e-07	-5.862410e-09	-6.428964e-09	-4.854519e+01	-7.524458e+02
8.200000e-07	-5.837478e-09	-6.419322e-09	-4.833874e+01	-7.512624e+02
8.300000e-07	-5.812290e-09	-6.406076e-09	-4.813016e+01	-7.500619e+02
8.400000e-07	-5.786858e-09	-6.392200e-09	-4.791957e+01	-7.488357e+02
8.500000e-07	-5.761173e-09	-6.382793e-09	-4.770688e+01	-7.475764e+02
8.600000e-07	-5.735236e-09	-6.375908e-09	-4.749209e+01	-7.462781e+02
8.700000e-07	-5.709052e-09	-6.366146e-09	-4.727527e+01	-7.449374e+02
8.800000e-07	-5.682631e-09	-6.352076e-09	-4.705649e+01	-7.435538e+02
8.900000e-07	-5.655963e-09	-6.339311e-09	-4.683565e+01	-7.421292e+02
9.000000e-07	-5.629040e-09	-6.329006e-09	-4.661271e+01	-7.406681e+02
9.100000e-07	-5.601861e-09	-6.320113e-09	-4.638765e+01	-7.391762e+02
9.200000e-07	-5.574417e-09	-6.308627e-09	-4.616039e+01	-7.376599e+02
9.300000e-07	-5.546700e-09	-6.292327e-09	-4.593087e+01	-7.361256e+02
9.400000e-07	-5.518698e-09	-6.274235e-09	-4.569900e+01	-7.345783e+02
9.500000e-07	-5.490397e-09	-6.257106e-09	-4.546465e+01	-7.330216e+02
9.600000e-07	-5.461791e-09	-6.241054e-09	-4.522776e+01	-7.314573e+02
9.700000e-07	-5.432898e-09	-6.226168e-09	-4.498851e+01	-7.298853e+02
9.800000e-07	-5.403739e-09	-6.214293e-09	-4.474705e+01	-7.283039e+02
9.900000e-07	-5.374310e-09	-6.205156e-09	-4.450335e+01	-7.267105e+02
1.000000e-06	-5.344621e-09	-6.196750e-09	-4.425750e+01	-7.251018e+02
1.010000e-06	-5.314694e-09	-6.185131e-09	-4.400969e+01	-7.234743e+02
1.020000e-06	-5.284536e-09	-6.169408e-09	-4.375995e+01	-7.218251e+02
1.030000e-06	-5.254138e-09	-6.150781e-09	-4.350824e+01	-7.201518e+02
1.040000e-06	-5.223494e-09	-6.131227e-09	-4.325448e+01	-7.184529e+02
1.050000e-06	-5.192604e-09	-6.114276e-09	-4.299869e+01	-7.167272e+02
1.060000e-06	-5.161485e-09	-6.098599e-09	-4.274100e+01	-7.149744e+02
1.070000e-06	-5.130150e-09	-6.084014e-09	-4.248152e+01	-7.131943e+02
1.080000e-06	-5.098594e-09	-6.069408e-09	-4.222022e+01	-7.113865e+02
1.090000e-06	-5.066814e-09	-6.056221e-09	-4.195705e+01	-7.095509e+02
1.100000e-06	-5.034816e-09	-6.042561e-09	-4.169208e+01	-7.076869e+02
1.110000e-06	-5.002612e-09	-6.019930e-09	-4.142541e+01	-7.057941e+02
1.120000e-06	-4.970194e-09	-5.999820e-09	-4.115697e+01	-7.038723e+02
1.130000e-06	-4.937548e-09	-5.983415e-09	-4.088663e+01	-7.019214e+02
1.140000e-06	-4.904664e-09	-5.969482e-09	-4.061433e+01	-6.999423e+02
1.150000e-06	-4.871544e-09	-5.955632e-09	-4.034007e+01	-6.979367e+02
1.160000e-06	-4.838189e-09	-5.936808e-09	-4.006386e+01	-6.959071e+02
1.170000e-06	-4.804592e-09	-5.920706e-09	-3.978566e+01	-6.938566e+02
1.180000e-06	-4.770753e-09	-5.903105e-09	-3.950544e+01	-6.917891e+02
1.190000e-06	-4.736679e-09	-5.885836e-09	-3.922328e+01	-6.897081e+02
1.200000e-06	-4.702381e-09	-5.867200e-09	-3.893927e+01	-6.876168e+02
1.210000e-06	-4.667863e-09	-5.848018e-09	-3.865343e+01	-6.855173e+02
1.220000e-06	-4.633114e-09	-5.833443e-09	-3.836569e+01	-6.834099e+02
1.230000e-06	-4.598132e-09	-5.818034e-09	-3.807601e+01	-6.812933e+02
1.240000e-06	-4.562934e-09	-5.800793e-09	-3.778454e+01	-6.791644e+02
1.250000e-06	-4.527534e-09	-5.775298e-09	-3.749140e+01	-6.770182e+02
1.260000e-06	-4.491928e-09	-5.747625e-09	-3.719656e+01	-6.748488e+02
1.270000e-06	-4.456116e-09	-5.724715e-09	-3.690001e+01	-6.726496e+02
1.280000e-06	-4.420104e-09	-5.705845e-09	-3.660180e+01	-6.704144e+02
1.290000e-06	-4.383902e-09	-5.691734e-09	-3.630202e+01	-6.681381e+02
1.300000e-06	-4.347503e-09	-5.676181e-09	-3.600061e+01	-6.658171e+02
1.310000e-06	-4.310892e-09	-5.660518e-09	-3.569744e+01	-6.634503e+02
1.320000e-06	-4.274072e-09	-5.643466e-09	-3.539254e+01	-6.610384e+02
1.330000e-06	-4.237060e-09	-5.623989e-09	-3.508606e+01	-6.585848e+02
1.340000e-06	-4.199859e-09	-5.599476e-09	-3.477800e+01	-6.560941e+02
1.350000e-06	-4.162464e-09	-5.572811e-09	-3.446834e+01	-6.535721e+02
1.360000e-06	-4.124876e-09	-5.550280e-09	-3.415709e+01	-6.510249e+02
1.370000e-06	-4.087094e-09	-5.530433e-09	-3.384423e+01	-6.484575e+02
1.380000e-06	-4.049114e-09	-5.511448e-09	-3.352972e+01	-6.458739e+02
1.390000e-06	-4.010929e-09	-5.488911e-09	-3.321352e+01	-6.432759e+02
1.400000e-06	-3.972544e-09	-5.464651e-09	-3.289566e+01	-6.406635e+02
1.410000e-06	-3.933966e-09	-5.441569e-09	-3.257620e+01	-6.380343e+02
1.420000e-06	-3.895201e-09	-5.419970e-09	-3.225520e+01	-6.353848e+02
1.430000e-06	-3.856258e-09	-5.398917e-09	-3.193273e+01	-6.327104e+02
1.440000e-06	-3.817143e-09	-5.375332e-09	-3.160882e+01	-6.300062e+02
1.450000e-06	-3.777853e-09	-5.350796e-09	-3.128347e+01	-6.272684e+02
1.460000e-06	-3.738385e-09	-5.328421e-09	-3.095665e+01	-6.244943e+02
1.470000e-06	-3.698740e-09	-5.309247e-09	-3.062836e+01	-6.216829e+02
1.480000e-06	-3.658921e-09	-5.288904e-09	-3.029863e+01	-6.188352e+02
1.490000e-06	-3.618938e-09	-5.266349e-09	-2.996754e+01	-6.159538e+02
1.500000e-06	-3.578802e-09	-5.243459e-09	-2.963518e+01	-6.130424e+02
1.510000e-06	-3.538510e-09	-5.221403e-09	-2.930154e+01	-6.101053e+02
1.520000e-06	-3.498056e-09	-5.199025e-09	-2.896654e+01	-6.071462e+02
1.530000e-06	-3.457435e-09	-5.172798e-09	-2.863017e+01	-6.041678e+02
1.540000e-06	-3.416650e-09	-5.143725e-09	-2.829244e+01	-6.011710e+02
1.550000e-06	-3.375697e-09	-5.113601e-09	-2.795332e+01	-5.981544e+02
1.560000e-06	-3.334570e-09	-5.085115e-09	-2.761276e+01	-5.951149e+02
1.570000e-06	-3.293274e-09	-5.058583e-09	-2.727079e+01	-5.920473e+02
1.580000e-06	-3.251804e-09	-5.033550e-09	-2.692739e+01	-5.889455e+02
1.590000e-06	-3.210157e-09	-5.009521e-09	-2.658252e+01	-5.858031e+02
1.600000e-06	-3.168352e-09	-4.987262e-09	-2.623634e+01	-5.826146e+02
1.610000e-06	-3.126397e-09	-4.965659e-09	-2.588893e+01	-5.793761e+02
1.620000e-06	-3.084287e-09	-4.939643e-09	-2.554022e+01	-5.760861e+02
1.630000e-06	-3.042032e-09	-4.908998e-09	-2.519032e+01	-5.727456e+02
1.640000e-06	-2.999633e-09	-4.877425e-09	-2.483922e+01	-5.693587e+02
1.650000e-06	-2.957095e-09	-4.847768e-09	-2.448697e+01	-5.659314e+02
1.660000e-06	-2.914430e-09	-4.819862e-09	-2.413367e+01	-5.624715e+02
1.670000e-06	-2.871643e-09	-4.791754e-09	-2.377937e+01	-5.589871e+02
1.680000e-06	-2.828735e-09	-4.761392e-09	-2.342405e+01	-5.554860e+02
1.690000e-06	-2.785709e-09	-4.729848e-09	-2.306777e+01	-5.519741e+02
1.700000e-06	-2.742573e-09	-4.698664e-09	-2.271057e+01	-5.484547e+02
1.710000e-06	-2.699333e-09	-4.666000e-09	-2.235250e+01	-5.449281e+02
1.720000e-06	-2.655988e-09	-4.632403e-09	-2.199358e+01	-5.413914e+02
1.730000e-06	-2.612537e-09	-4.600358e-09	-2.163377e+01	-5.378387e+02
1.740000e-06	-2.568976e-09	-4.569115e-09	-2.127305e+01	-5.342618e+02
1.750000e-06	-2.525306e-09	-4.539126e-09	-2.091143e+01	-5.306515e+02
1.760000e-06	-2.481528e-09	-4.509786e-09	-2.054892e+01	-5.269983e+02
1.770000e-06	-2.437637e-09	-4.480859e-09	-2.018547e+01	-5.232937e+02
1.780000e-06	-2.393631e-09	-4.450568e-09	-1.982106e+01	-5.195316e+02
1.790000e-06	-2.349509e-09	-4.417505e-09	-1.945570e+01	-5.157087e+02
1.800000e-06	-2.305270e-09	-4.384070e-09	-1.908937e+01	-5.118248e+02
1.810000e-06	-2.260915e-09	-4.349205e-09	-1.872207e+01	-5.078830e+02
1.820000e-06	-2.216440e-09	-4.313555e-09	-1.835379e+01	-5.038892e+02
1.830000e-06	-2.171844e-09	-4.276700e-09	-1.798450e+01	-4.998510e+02
1.840000e-06	-2.127137e-09	-4.239212e-09	-1.761429e+01	-4.957772e+02
1.850000e-06	-2.082333e-09	-4.201337e-09	-1.724328e+01	-4.916764e+02
1.860000e-06	-2.037438e-09	-4.163953e-09	-1.687152e+01	-4.875559e+02
1.870000e-06	-1.992457e-09	-4.130579e-09	-1.649904e+01	-4.834211e+02
1.880000e-06	-1.947393e-09	-4.097396e-09	-1.612587e+01	-4.792747e+02
1.890000e-06	-1.902255e-09	-4.063643e-09	-1.575210e+01	-4.751167e+02
1.900000e-06	-1.857047e-09	-4.028864e-09	-1.537774e+01	-4.709443e+02
1.910000e-06	-1.811767e-09	-3.990989e-09	-1.500278e+01	-4.667528e+02
1.920000e-06	-1.766414e-09	-3.952664e-09	-1.462723e+01	-4.625357e+02
1.930000e-06	-1.720990e-09	-3.914739e-09	-1.425109e+01	-4.582857e+02
1.940000e-06	-1.675501e-09	-3.878524e-09	-1.387440e+01	-4.539959e+02
1.950000e-06	-1.629941e-09	-3.842360e-09	-1.349713e+01	-4.496597e+02
1.960000e-06	-1.584305e-09	-3.804815e-09	-1.311922e+01	-4.452720e+02
1.970000e-06	-1.538596e-09	-3.767732e-09	-1.274072e+01	-4.408295e+02
1.980000e-06	-1.492818e-09	-3.729005e-09	-1.236164e+01	-4.363302e+02
1.990000e-06	-1.446964e-09	-3.688233e-09	-1.198194e+01	-4.317739e+02
2.000000e-06	-1.401030e-09	-3.646382e-09	-1.160157e+01	-4.271614e+02
2.010000e-06	-1.355017e-09	-3.604356e-09	-1.122054e+01	-4.224945e+02
2.020000e-06	-1.308929e-09	-3.562363e-09	-1.083891e+01	-4.177751e+02
2.030000e-06	-1.262777e-09	-3.519849e-09	-1.045673e+01	-4.130055e+02
2.040000e-06	-1.216557e-09	-3.476821e-09	-1.007400e+01	-4.081874e+02
2.050000e-06	-1.170275e-09	-3.435245e-09	-9.690748e+00	-4.033219e+02
2.060000e-06	-1.123937e-09	-3.395380e-09	-9.307034e+00	-3.984098e+02
2.070000e-06	-1.077546e-09	-3.352488e-09	-8.922877e+00	-3.934511e+02
2.080000e-06	-1.031111e-09	-3.308447e-09	-8.538357e+00	-3.884457e+02
2.090000e-06	-9.846357e-10	-3.265362e-09	-8.153509e+00	-3.833927e+02
2.100000e-06	-9.381239e-10	-3.225086e-09	-7.768356e+00	-3.782914e+02
2.110000e-06	-8.915797e-10	-3.184034e-09	-7.382934e+00	-3.731408e+02
2.120000e-06	-8.450090e-10	-3.139526e-09	-6.997294e+00	-3.679397e+02
2.130000e-06	-7.984148e-10	-3.093882e-09	-6.611459e+00	-3.626870e+02
2.140000e-06	-7.517901e-10	-3.044936e-09	-6.225371e+00	-3.573811e+02
2.150000e-06	-7.051374e-10	-2.995692e-09	-5.839051e+00	-3.520205e+02
2.160000e-06	-6.584636e-10	-2.943782e-09	-5.452556e+00	-3.466031e+02
2.170000e-06	-6.117589e-10	-2.889216e-09	-5.065806e+00	-3.411267e+02
2.180000e-06	-5.650209e-10	-2.837908e-09	-4.678780e+00	-3.355889e+02
2.190000e-06	-5.182572e-10	-2.792655e-09	-4.291541e+00	-3.299872e+02
2.200000e-06	-4.714700e-10	-2.754254e-09	-3.904107e+00	-3.243194e+02
2.210000e-06	-4.246577e-10	-2.715406e-09	-3.516466e+00	-3.185835e+02
2.220000e-06	-3.778185e-10	-2.672262e-09	-3.128602e+00	-3.127782e+02
2.230000e-06	-3.309534e-10	-2.623477e-09	-2.740523e+00	-3.069030e+02
2.240000e-06	-2.840657e-10	-2.566002e-09	-2.352258e+00	-3.009579e+02
2.250000e-06	-2.371611e-10	-2.503669e-09	-1.963852e+00	-2.949437e+02
2.260000e-06	-1.902446e-10	-2.440420e-09	-1.575347e+00	-2.888616e+02
2.270000e-06	-1.433185e-10	-2.382244e-09	-1.186763e+00	-2.827129e+02
2.280000e-06	-9.638823e-11	-2.332821e-09	-7.981449e-01	-2.764987e+02
2.290000e-06	-4.946101e-11	-2.288659e-09	-4.095517e-01	-2.702196e+02
2.300000e-06	-2.539441e-12	-2.244221e-09	-2.100536e-02	-2.638753e+02
2.310000e-06	4.437607e-11	-2.190231e-09	3.674908e-01	-2.574644e+02
2.320000e-06	9.128255e-11	-2.128998e-09	7.559122e-01	-2.509847e+02
2.330000e-06	1.381765e-10	-2.064670e-09	1.144230e+00	-2.444327e+02
2.340000e-06	1.850577e-10	-1.997649e-09	1.532441e+00	-2.378048e+02
2.350000e-06	2.319234e-10	-1.932811e-09	1.920526e+00	-2.310968e+02
2.360000e-06	2.787743e-10	-1.873264e-09	2.308486e+00	-2.243050e+02
2.370000e-06	3.256114e-10	-1.820287e-09	2.696333e+00	-2.174266e+02
2.380000e-06	3.724318e-10	-1.768483e-09	3.084041e+00	-2.104598e+02
2.390000e-06	4.192353e-10	-1.713914e-09	3.471610e+00	-2.034043e+02
2.400000e-06	4.660220e-10	-1.653776e-09	3.859039e+00	-1.962611e+02
2.410000e-06	5.127907e-10	-1.587355e-09	4.246319e+00	-1.890327e+02
2.420000e-06	5.595415e-10	-1.518435e-09	4.633451e+00	-1.817223e+02
2.430000e-06	6.062724e-10	-1.451399e-09	5.020419e+00	-1.743338e+02
2.440000e-06	6.529805e-10	-1.387667e-09	5.407197e+00	-1.668708e+02
2.450000e-06	6.996681e-10	-1.323870e-09	5.793806e+00	-1.593362e+02
2.460000e-06	7.463324e-10	-1.261644e-09	6.180222e+00	-1.517319e+02
2.470000e-06	7.929654e-10	-1.198937e-09	6.566379e+00	-1.440583e+02
2.480000e-06	8.395615e-10	-1.133046e-09	6.952230e+00	-1.363146e+02
2.490000e-06	8.861213e-10	-1.062909e-09	7.337780e+00	-1.284985e+02
2.500000e-06	9.326425e-10	-9.885177e-10	7.723012e+00	-1.206070e+02
2.510000e-06	9.791203e-10	-9.165472e-10	8.107882e+00	-1.126368e+02
2.520000e-06	1.025548e-09	-8.477853e-10	8.492339e+00	-1.045849e+02
2.530000e-06	1.071917e-09	-7.834958e-10	8.876306e+00	-9.644917e+01
2.540000e-06	1.118225e-09	-7.197867e-10	9.259772e+00	-8.822901e+01
2.550000e-06	1.164471e-09	-6.536373e-10	9.642729e+00	-7.992534e+01
2.560000e-06	1.210656e-09	-5.839901e-10	1.002517e+01	-7.154086e+01
2.570000e-06	1.256772e-09	-5.089409e-10	1.040705e+01	-6.307977e+01
2.580000e-06	1.302820e-09	-4.329864e-10	1.078836e+01	-5.454737e+01
2.590000e-06	1.348809e-09	-3.544415e-10	1.116918e+01	-4.594949e+01
2.600000e-06	1.394740e-09	-2.767810e-10	1.154953e+01	-3.729185e+01
2.610000e-06	1.440610e-09	-2.014898e-10	1.192937e+01	-2.857948e+01
2.620000e-06	1.486415e-09	-1.289379e-10	1.230867e+01	-1.981626e+01
2.630000e-06	1.532155e-09	-6.053420e-11	1.268743e+01	-1.100467e+01
2.640000e-06	1.577828e-09	1.066519e-11	1.306564e+01	-2.145785e+00
2.650000e-06	1.623434e-09	8.754028e-11	1.344329e+01	6.760428e+00
2.660000e-06	1.668967e-09	1.690742e-10	1.382033e+01	1.571466e+01
2.670000e-06	1.714424e-09	2.494012e-10	1.419676e+01	2.471762e+01
2.680000e-06	1.759809e-09	3.280268e-10	1.457257e+01	3.376934e+01
2.690000e-06	1.805115e-09	4.049917e-10	1.494774e+01	4.286858e+01
2.700000e-06	1.850336e-09	4.802171e-10	1.532221e+01	5.201235e+01
2.710000e-06	1.895473e-09	5.537796e-10	1.569598e+01	6.119568e+01
2.720000e-06	1.940526e-09	6.254577e-10	1.606905e+01	7.041165e+01
2.730000e-06	1.985493e-09	6.989022e-10	1.644141e+01	7.965175e+01
2.740000e-06	2.030369e-09	7.763790e-10	1.681302e+01	8.890639e+01
2.750000e-06	2.075147e-09	8.600433e-10	1.718382e+01	9.816564e+01
2.760000e-06	2.119824e-09	9.462220e-10	1.755378e+01	1.074199e+02
2.770000e-06	2.164393e-09	1.029560e-09	1.792284e+01	1.166609e+02
2.780000e-06	2.208854e-09	1.108945e-09	1.829101e+01	1.258817e+02
2.790000e-06	2.253211e-09	1.187258e-09	1.865832e+01	1.350777e+02
2.800000e-06	2.297464e-09	1.262254e-09	1.902477e+01	1.442459e+02
2.810000e-06	2.341612e-09	1.333666e-09	1.939035e+01	1.533855e+02
2.820000e-06	2.385652e-09	1.406084e-09	1.975503e+01	1.624966e+02
2.830000e-06	2.429587e-09	1.481506e-09	2.011884e+01	1.715804e+02
2.840000e-06	2.473420e-09	1.560726e-09	2.048182e+01	1.806378e+02
2.850000e-06	2.517151e-09	1.639587e-09	2.084394e+01	1.896693e+02
2.860000e-06	2.560771e-09	1.715819e-09	2.120515e+01	1.986745e+02
2.870000e-06	2.604283e-09	1.791106e-09	2.156547e+01	2.076513e+02
2.880000e-06	2.647689e-09	1.868031e-09	2.192490e+01	2.165968e+02
2.890000e-06	2.690980e-09	1.946237e-09	2.228338e+01	2.255066e+02
2.900000e-06	2.734156e-09	2.022289e-09	2.264091e+01	2.343760e+02
2.910000e-06	2.777207e-09	2.098316e-09	2.299740e+01	2.431998e+02
2.920000e-06	2.820127e-09	2.174788e-09	2.335281e+01	2.519735e+02
2.930000e-06	2.862915e-09	2.250064e-09	2.370713e+01	2.606932e+02
2.940000e-06	2.905563e-09	2.323908e-09	2.406029e+01	2.693559e+02
2.950000e-06	2.948069e-09	2.397215e-09	2.441227e+01	2.779600e+02
2.960000e-06	2.990437e-09	2.471822e-09	2.476311e+01	2.865047e+02
2.970000e-06	3.032666e-09	2.547257e-09	2.511280e+01	2.949895e+02
2.980000e-06	3.074755e-09	2.621602e-09	2.546133e+01	3.034140e+02
2.990000e-06	3.116701e-09	2.691209e-09	2.580868e+01	3.117772e+02
3.000000e-06	3.158505e-09	2.756380e-09	2.615485e+01	3.200770e+02
3.010000e-06	3.200169e-09	2.820514e-09	2.649985e+01	3.283100e+02
3.020000e-06	3.241682e-09	2.887414e-09	2.684362e+01	3.364709e+02
3.030000e-06	3.283039e-09	2.956416e-09	2.718608e+01	3.445532e+02
3.040000e-06	3.324239e-09	3.026114e-09	2.752725e+01	3.525496e+02
3.050000e-06	3.365279e-09	3.097609e-09	2.786708e+01	3.604521e+02
3.060000e-06	3.406156e-09	3.169411e-09	2.820558e+01	3.682535e+02
3.070000e-06	3.446872e-09	3.239646e-09	2.854274e+01	3.759476e+02
3.080000e-06	3.487427e-09	3.304609e-09	2.887856e+01	3.835302e+02
3.090000e-06	3.527817e-09	3.365571e-09	2.921302e+01	3.909994e+02
3.100000e-06	3.568044e-09	3.425691e-09	2.954614e+01	3.983557e+02
3.110000e-06	3.608107e-09	3.486288e-09	2.987789e+01	4.056022e+02
3.120000e-06	3.648000e-09	3.547609e-09	3.020823e+01	4.127437e+02
3.130000e-06	3.687712e-09	3.608970e-09	3.053708e+01	4.197863e+02
3.140000e-06	3.727240e-09	3.670446e-09	3.086440e+01	4.267362e+02
3.150000e-06	3.766586e-09	3.730149e-09	3.119021e+01	4.335992e+02
3.160000e-06	3.805748e-09	3.787758e-09	3.151450e+01	4.403795e+02
3.170000e-06	3.844732e-09	3.845708e-09	3.183732e+01	4.470793e+02
3.180000e-06	3.883543e-09	3.901790e-09	3.215870e+01	4.536985e+02
3.190000e-06	3.922179e-09	3.956912e-09	3.247864e+01	4.602349e+02
3.200000e-06	3.960640e-09	4.013244e-09	3.279713e+01	4.666843e+02
3.210000e-06	3.998926e-09	4.068378e-09	3.311416e+01	4.730415e+02
3.220000e-06	4.037035e-09	4.121474e-09	3.342973e+01	4.793011e+02
3.230000e-06	4.074947e-09	4.172998e-09	3.374368e+01	4.854582e+02
3.240000e-06	4.112667e-09	4.224728e-09	3.405602e+01	4.915094e+02
3.250000e-06	4.150206e-09	4.278184e-09	3.436687e+01	4.974534e+02
3.260000e-06	4.187567e-09	4.330732e-09	3.467625e+01	5.032915e+02
3.270000e-06	4.224746e-09	4.380955e-09	3.498413e+01	5.090270e+02
3.280000e-06	4.261738e-09	4.429960e-09	3.529044e+01	5.146655e+02
3.290000e-06	4.298533e-09	4.476506e-09	3.559514e+01	5.202140e+02
3.300000e-06	4.335117e-09	4.519547e-09	3.589808e+01	5.256798e+02
3.310000e-06	4.371475e-09	4.559637e-09	3.619916e+01	5.310702e+02
3.320000e-06	4.407611e-09	4.601722e-09	3.649839e+01	5.363912e+02
3.330000e-06	4.443535e-09	4.647650e-09	3.679586e+01	5.416470e+02
3.340000e-06	4.479252e-09	4.694422e-09	3.709162e+01	5.468399e+02
3.350000e-06	4.514755e-09	4.739549e-09	3.738562e+01	5.519697e+02
3.360000e-06	4.550043e-09	4.782436e-09	3.767783e+01	5.570345e+02
3.370000e-06	4.585119e-09	4.824540e-09	3.796828e+01	5.620311e+02
3.380000e-06	4.619976e-09	4.865770e-09	3.825693e+01	5.669554e+02
3.390000e-06	4.654607e-09	4.907479e-09	3.854370e+01	5.718032e+02
3.400000e-06	4.689018e-09	4.950002e-09	3.882865e+01	5.765714e+02
3.410000e-06	4.723220e-09	4.991055e-09	3.911187e+01	5.812579e+02
3.420000e-06	4.757207e-09	5.030166e-09	3.939331e+01	5.858620e+02
3.430000e-06	4.790981e-09	5.066477e-09	3.967298e+01	5.903849e+02
3.440000e-06	4.824546e-09	5.100440e-09	3.995092e+01	5.948289e+02
3.450000e-06	4.857888e-09	5.134296e-09	4.022702e+01	5.991977e+02
3.460000e-06	4.891001e-09	5.169119e-09	4.050122e+01	6.034949e+02
3.470000e-06	4.923892e-09	5.205984e-09	4.077358e+01	6.077246e+02
3.480000e-06	4.956559e-09	5.245858e-09	4.104409e+01	6.118900e+02
3.490000e-06	4.989004e-09	5.285049e-09	4.131276e+01	6.159934e+02
3.500000e-06	5.021230e-09	5.319560e-09	4.157961e+01	6.200362e+02
3.510000e-06	5.053232e-09	5.350495e-09	4.184461e+01	6.240188e+02
3.520000e-06	5.085006e-09	5.380677e-09	4.210773e+01	6.279409e+02
3.530000e-06	5.116537e-09	5.411021e-09	4.236883e+01	6.318016e+02
3.540000e-06	5.147821e-09	5.443320e-09	4.262788e+01	6.356003e+02
3.550000e-06	5.178863e-09	5.478327e-09	4.288493e+01	6.393369e+02
3.560000e-06	5.209661e-09	5.513580e-09	4.313996e+01	6.430117e+02
3.570000e-06	5.240210e-09	5.547264e-09	4.339293e+01	6.466262e+02
3.580000e-06	5.270508e-09	5.578599e-09	4.364382e+01	6.501825e+02
3.590000e-06	5.300557e-09	5.607327e-09	4.389265e+01	6.536833e+02
3.600000e-06	5.330359e-09	5.633966e-09	4.413944e+01	6.571318e+02
3.610000e-06	5.359923e-09	5.660745e-09	4.438424e+01	6.605306e+02
3.620000e-06	5.389247e-09	5.686541e-09	4.462707e+01	6.638822e+02
3.630000e-06	5.418327e-09	5.711429e-09	4.486788e+01	6.671880e+02
3.640000e-06	5.447156e-09	5.737801e-09	4.510660e+01	6.704485e+02
3.650000e-06	5.475733e-09	5.765256e-09	4.534324e+01	6.736632e+02
3.660000e-06	5.504046e-09	5.794311e-09	4.557769e+01	6.768309e+02
3.670000e-06	5.532089e-09	5.823140e-09	4.580992e+01	6.799500e+02
3.680000e-06	5.559871e-09	5.847735e-09	4.603996e+01	6.830190e+02
3.690000e-06	5.587385e-09	5.871448e-09	4.626780e+01	6.860369e+02
3.700000e-06	5.614631e-09	5.896333e-09	4.649342e+01	6.890033e+02
3.710000e-06	5.641621e-09	5.923542e-09	4.671692e+01	6.919189e+02
3.720000e-06	5.668355e-09	5.950488e-09	4.693830e+01	6.947855e+02
3.730000e-06	5.694825e-09	5.975551e-09	4.715749e+01	6.976053e+02
3.740000e-06	5.721031e-09	5.999648e-09	4.737449e+01	7.003814e+02
3.750000e-06	5.746974e-09	6.019772e-09	4.758932e+01	7.031164e+02
3.760000e-06	5.772652e-09	6.037938e-09	4.780196e+01	7.058126e+02
3.770000e-06	5.798068e-09	6.054492e-09	4.801242e+01	7.084710e+02
3.780000e-06	5.823227e-09	6.072862e-09	4.822076e+01	7.110916e+02
3.790000e-06	5.848124e-09	6.094056e-09	4.842692e+01	7.136732e+02
3.800000e-06	5.872749e-09	6.116936e-09	4.863083e+01	7.162132e+02
3.810000e-06	5.897105e-09	6.141191e-09	4.883252e+01	7.187086e+02
3.820000e-06	5.921186e-09	6.164478e-09	4.903193e+01	7.211562e+02
3.830000e-06	5.944982e-09	6.186402e-09	4.922898e+01	7.235534e+02
3.840000e-06	5.968491e-09	6.205194e-09	4.942365e+01	7.258989e+02
3.850000e-06	5.991700e-09	6.221375e-09	4.961584e+01	7.281927e+02
3.860000e-06	6.014613e-09	6.234360e-09	4.980557e+01	7.304368e+02
3.870000e-06	6.037236e-09	6.247336e-09	4.999291e+01	7.326347e+02
3.880000e-06	6.059579e-09	6.265895e-09	5.017793e+01	7.347912e+02
3.890000e-06	6.081656e-09	6.288300e-09	5.036074e+01	7.369116e+02
3.900000e-06	6.103475e-09	6.311488e-09	5.054142e+01	7.390007e+02
3.910000e-06	6.125020e-09	6.329548e-09	5.071982e+01	7.410623e+02
3.920000e-06	6.146280e-09	6.342048e-09	5.089588e+01	7.430982e+02
3.930000e-06	6.167255e-09	6.352314e-09	5.106957e+01	7.451079e+02
3.940000e-06	6.187938e-09	6.362129e-09	5.124084e+01	7.470880e+02
3.950000e-06	6.208341e-09	6.373053e-09	5.140979e+01	7.490333e+02
3.960000e-06	6.228460e-09	6.385312e-09	5.157639e+01	7.509366e+02
3.970000e-06	6.248280e-09	6.402673e-09	5.174051e+01	7.527904e+02
3.980000e-06	6.267795e-09	6.424533e-09	5.190211e+01	7.545876e+02
3.990000e-06	6.287006e-09	6.445680e-09	5.206119e+01	7.563230e+02
4.000000e-06	6.305935e-09	6.460502e-09	5.221794e+01	7.579939e+02
4.010000e-06	6.324600e-09	6.470841e-09	5.237250e+01	7.596012e+02
4.020000e-06	6.342987e-09	6.481037e-09	5.252476e+01	7.611491e+02
4.030000e-06	6.361081e-09	6.491140e-09	5.267459e+01	7.626448e+02
4.040000e-06	6.378873e-09	6.501784e-09	5.282192e+01	7.640980e+02
4.050000e-06	6.396366e-09	6.511038e-09	5.296678e+01	7.655192e+02
4.060000e-06	6.413585e-09	6.521763e-09	5.310936e+01	7.669183e+02
4.070000e-06	6.430534e-09	6.533807e-09	5.324971e+01	7.683035e+02
4.080000e-06	6.447206e-09	6.545650e-09	5.338777e+01	7.696794e+02
4.090000e-06	6.463588e-09	6.555888e-09	5.352343e+01	7.710467e+02
4.100000e-06	6.479669e-09	6.564607e-09	5.365658e+01	7.724020e+02
4.110000e-06	6.495446e-09	6.577449e-09	5.378723e+01	7.737379e+02
4.120000e-06	6.510926e-09	6.591666e-09	5.391542e+01	7.750440e+02
4.130000e-06	6.526097e-09	6.604557e-09	5.404105e+01	7.763090e+02
4.140000e-06	6.540942e-09	6.613107e-09	5.416397e+01	7.775217e+02
4.150000e-06	6.555461e-09	6.619541e-09	5.428420e+01	7.786734e+02
4.160000e-06	6.569672e-09	6.628603e-09	5.440188e+01	7.797593e+02
4.170000e-06	6.583600e-09	6.637101e-09	5.451721e+01	7.807792e+02
4.180000e-06	6.597237e-09	6.643799e-09	5.463014e+01	7.817382e+02
4.190000e-06	6.610561e-09	6.651880e-09	5.474047e+01	7.826462e+02
4.200000e-06	6.623562e-09	6.663199e-09	5.484813e+01	7.835165e+02
4.210000e-06	6.636259e-09	6.674584e-09	5.495327e+01	7.843643e+02
4.220000e-06	6.648677e-09	6.682105e-09	5.505610e+01	7.852045e+02
4.230000e-06	6.660823e-09	6.685555e-09	5.515668e+01	7.860492e+02
4.240000e-06	6.672672e-09	6.687865e-09	5.525479e+01	7.869065e+02
4.250000e-06	6.684193e-09	6.692686e-09	5.535020e+01	7.877787e+02
4.260000e-06	6.695392e-09	6.701487e-09	5.544294e+01	7.886616e+02
4.270000e-06	6.706281e-09	6.710381e-09	5.553310e+01	7.895454e+02
4.280000e-06	6.716841e-09	6.719698e-09	5.562055e+01	7.904158e+02
4.290000e-06	6.727039e-09	6.731124e-09	5.570499e+01	7.912557e+02
4.300000e-06	6.736871e-09	6.742488e-09	5.578641e+01	7.920479e+02
4.310000e-06	6.746383e-09	6.751306e-09	5.586518e+01	7.927775e+02
4.320000e-06	6.755611e-09	6.755905e-09	5.594159e+01	7.934344e+02
4.330000e-06	6.764562e-09	6.759496e-09	5.601571e+01	7.940149e+02
4.340000e-06	6.773208e-09	6.764389e-09	5.608731e+01	7.945225e+02
4.350000e-06	6.781518e-09	6.769424e-09	5.615612e+01	7.949676e+02
4.360000e-06	6.789510e-09	6.773424e-09	5.622231e+01	7.953667e+02
4.370000e-06	6.797210e-09	6.777645e-09	5.628606e+01	7.957398e+02
4.380000e-06	6.804626e-09	6.782589e-09	5.634747e+01	7.961082e+02
4.390000e-06	6.811739e-09	6.786954e-09	5.640637e+01	7.964913e+02
4.400000e-06	6.818510e-09	6.789105e-09	5.646244e+01	7.969040e+02
4.410000e-06	6.824957e-09	6.790106e-09	5.651583e+01	7.973546e+02
4.420000e-06	6.831115e-09	6.793931e-09	5.656682e+01	7.978437e+02
4.430000e-06	6.836986e-09	6.799914e-09	5.661544e+01	7.983639e+02
4.440000e-06	6.842561e-09	6.807361e-09	5.666160e+01	7.989007e+02
4.450000e-06	6.847787e-09	6.811076e-09	5.670488e+01	7.994348e+02
4.460000e-06	6.852669e-09	6.815401e-09	5.674530e+01	7.999447e+02
4.470000e-06	6.857247e-09	6.820877e-09	5.678322e+01	8.004098e+02
4.480000e-06	6.861540e-09	6.826638e-09	5.681876e+01	8.008131e+02
4.490000e-06	6.865563e-09	6.833978e-09	5.685208e+01	8.011442e+02
4.500000e-06	6.869282e-09	6.837803e-09	5.688287e+01	8.014005e+02
4.510000e-06	6.872667e-09	6.842156e-09	5.691090e+01	8.015877e+02
4.520000e-06	6.875725e-09	6.842899e-09	5.693623e+01	8.017189e+02
4.530000e-06	6.878462e-09	6.839345e-09	5.695889e+01	8.018130e+02
4.540000e-06	6.880857e-09	6.832394e-09	5.697873e+01	8.018919e+02
4.550000e-06	6.882881e-09	6.825741e-09	5.699548e+01	8.019771e+02
4.560000e-06	6.884563e-09	6.827626e-09	5.700941e+01	8.020867e+02
4.570000e-06	6.885949e-09	6.833511e-09	5.702089e+01	8.022325e+02
4.580000e-06	6.887041e-09	6.843064e-09	5.702993e+01	8.024183e+02
4.590000e-06	6.887843e-09	6.851131e-09	5.703657e+01	8.026390e+02
4.600000e-06	6.888307e-09	6.857103e-09	5.704041e+01	8.028809e+02
4.610000e-06	6.888432e-09	6.860197e-09	5.704145e+01	8.031239e+02
4.620000e-06	6.888260e-09	6.857447e-09	5.704003e+01	8.033438e+02
4.630000e-06	6.887801e-09	6.854755e-09	5.703622e+01	8.035155e+02
4.640000e-06	6.887076e-09	6.849676e-09	5.703022e+01	8.036169e+02
4.650000e-06	6.886048e-09	6.847619e-09	5.702170e+01	8.036314e+02
4.660000e-06	6.884684e-09	6.847296e-09	5.701041e+01	8.035503e+02
4.670000e-06	6.883033e-09	6.847889e-09	5.699674e+01	8.033745e+02
4.680000e-06	6.881108e-09	6.850130e-09	5.698080e+01	8.031138e+02
4.690000e-06	6.878900e-09	6.855063e-09	5.696251e+01	8.027858e+02
4.700000e-06	6.876405e-09	6.847431e-09	5.694186e+01	8.024137e+02
4.710000e-06	6.873547e-09	6.826026e-09	5.691818e+01	8.020229e+02
4.720000e-06	6.870152e-09	6.820567e-09	5.689007e+01	8.016380e+02
4.730000e-06	6.866080e-09	6.841976e-09	5.685635e+01	8.012792e+02
4.740000e-06	6.861546e-09	6.845333e-09	5.681881e+01	8.009600e+02
4.750000e-06	6.857042e-09	6.820927e-09	5.678151e+01	8.006856e+02
4.760000e-06	6.852627e-09	6.798414e-09	5.674495e+01	8.004528e+02
4.770000e-06	6.847755e-09	6.812128e-09	5.670461e+01	8.002504e+02
4.780000e-06	6.842273e-09	6.802669e-09	5.665922e+01	8.000617e+02
4.790000e-06	6.836668e-09	6.761121e-09	5.661280e+01	7.998671e+02
4.800000e-06	6.830978e-09	6.776477e-09	5.656568e+01	7.996468e+02
4.810000e-06	6.824721e-09	6.819876e-09	5.651387e+01	7.993846e+02
4.820000e-06	6.817989e-09	6.829238e-09	5.645812e+01	7.990697e+02
4.830000e-06	6.811176e-09	6.813942e-09	5.640170e+01	7.986986e+02
4.840000e-06	6.804107e-09	6.841107e-09	5.634317e+01	7.982755e+02
4.850000e-06	6.796618e-09	6.836647e-09	5.628116e+01	7.978116e+02
4.860000e-06	6.788918e-09	6.784305e-09	5.621740e+01	7.973235e+02
4.870000e-06	6.780966e-09	6.794863e-09	5.615154e+01	7.968302e+02
4.880000e-06	6.772563e-09	6.808674e-09	5.608196e+01	7.963509e+02
4.890000e-06	6.763942e-09	6.764992e-09	5.601057e+01	7.959012e+02
4.900000e-06	6.755193e-09	6.748494e-09	5.593813e+01	7.954913e+02
4.910000e-06	6.745983e-09	6.793846e-09	5.586186e+01	7.951243e+02
4.920000e-06	6.736357e-09	6.800473e-09	5.578215e+01	7.947952e+02
4.930000e-06	6.726580e-09	6.785272e-09	5.570119e+01	7.944921e+02
4.940000e-06	6.716474e-09	6.816912e-09	5.561750e+01	7.941972e+02
4.950000e-06	6.705828e-09	6.814090e-09	5.552934e+01	7.938896e+02
4.960000e-06	6.694786e-09	6.788521e-09	5.543791e+01	7.935482e+02
4.970000e-06	6.683428e-09	6.791400e-09	5.534386e+01	7.931541e+02
4.980000e-06	6.671777e-09	6.789614e-09	5.524738e+01	7.926940e+02
4.990000e-06	6.659876e-09	6.779638e-09	5.514883e+01	7.921610e+02
5.000000e-06	6.647606e-09	6.780791e-09	5.504722e+01	7.915562e+02
5.010000e-06	6.634964e-09	6.763444e-09	5.494254e+01	7.908879e+02
5.020000e-06	6.622066e-09	6.763098e-09	5.483573e+01	7.901705e+02
5.030000e-06	6.608887e-09	6.771613e-09	5.472660e+01	7.894222e+02
5.040000e-06	6.595398e-09	6.735945e-09	5.461490e+01	7.886626e+02
5.050000e-06	6.581629e-09	6.742707e-09	5.450088e+01	7.879095e+02
5.060000e-06	6.567537e-09	6.760664e-09	5.438419e+01	7.871769e+02
5.070000e-06	6.553163e-09	6.727941e-09	5.426516e+01	7.864726e+02
5.080000e-06	6.538558e-09	6.734393e-09	5.414422e+01	7.857978e+02
5.090000e-06	6.523616e-09	6.752517e-09	5.402049e+01	7.851464e+02
5.100000e-06	6.508311e-09	6.718216e-09	5.389375e+01	7.845068e+02
5.110000e-06	6.492691e-09	6.716878e-09	5.376441e+01	7.838629e+02
5.120000e-06	6.476753e-09	6.733306e-09	5.363242e+01	7.831972e+02
5.130000e-06	6.460511e-09	6.704798e-09	5.349793e+01	7.824927e+02
5.140000e-06	6.443984e-09	6.700038e-09	5.336107e+01	7.817359e+02
5.150000e-06	6.427142e-09	6.701822e-09	5.322161e+01	7.809182e+02
5.160000e-06	6.409966e-09	6.679770e-09	5.307938e+01	7.800370e+02
5.170000e-06	6.392469e-09	6.676537e-09	5.293449e+01	7.790964e+02
5.180000e-06	6.374653e-09	6.667643e-09	5.278696e+01	7.781060e+02
5.190000e-06	6.356534e-09	6.653599e-09	5.263692e+01	7.770798e+02
5.200000e-06	6.338108e-09	6.654131e-09	5.248434e+01	7.760339e+02
5.210000e-06	6.319406e-09	6.646444e-09	5.232947e+01	7.749846e+02
5.220000e-06	6.300430e-09	6.635484e-09	5.217233e+01	7.739461e+02
5.230000e-06	6.281149e-09	6.633560e-09	5.201267e+01	7.729288e+02
5.240000e-06	6.261587e-09	6.624218e-09	5.185068e+01	7.719380e+02
5.250000e-06	6.241754e-09	6.615009e-09	5.168646e+01	7.709736e+02
5.260000e-06	6.221661e-09	6.610575e-09	5.152007e+01	7.700303e+02
5.270000e-06	6.201300e-09	6.598933e-09	5.135146e+01	7.690992e+02
5.280000e-06	6.180642e-09	6.588402e-09	5.118040e+01	7.681685e+02
5.290000e-06	6.159709e-09	6.580687e-09	5.100706e+01	7.672260e+02
5.300000e-06	6.138539e-09	6.577174e-09	5.083175e+01	7.662604e+02
5.310000e-06	6.117127e-09	6.569438e-09	5.065445e+01	7.652633e+02
5.320000e-06	6.095420e-09	6.558889e-09	5.047470e+01	7.642297e+02
5.330000e-06	6.073399e-09	6.549230e-09	5.029234e+01	7.631587e+02
5.340000e-06	6.051081e-09	6.533411e-09	5.010753e+01	7.620532e+02
5.350000e-06	6.028475e-09	6.522883e-09	4.992034e+01	7.609192e+02
5.360000e-06	6.005559e-09	6.513214e-09	4.973058e+01	7.597644e+02
5.370000e-06	5.982301e-09	6.504023e-09	4.953799e+01	7.585969e+02
5.380000e-06	5.958701e-09	6.500617e-09	4.934256e+01	7.574241e+02
5.390000e-06	5.934788e-09	6.498443e-09	4.914454e+01	7.562510e+02
5.400000e-06	5.910602e-09	6.495637e-09	4.894426e+01	7.550796e+02
5.410000e-06	5.886136e-09	6.485604e-09	4.874167e+01	7.539087e+02
5.420000e-06	5.861378e-09	6.469119e-09	4.853666e+01	7.527341e+02
5.430000e-06	5.836349e-09	6.452727e-09	4.832939e+01	7.515491e+02
5.440000e-06	5.811083e-09	6.440331e-09	4.812017e+01	7.503457e+02
5.450000e-06	5.785567e-09	6.428648e-09	4.790888e+01	7.491156e+02
5.460000e-06	5.759787e-09	6.418023e-09	4.769540e+01	7.478514e+02
5.470000e-06	5.733763e-09	6.408121e-09	4.747990e+01	7.465475e+02
5.480000e-06	5.707505e-09	6.398374e-09	4.726247e+01	7.452011e+02
5.490000e-06	5.681009e-09	6.387552e-09	4.704306e+01	7.438118e+02
5.500000e-06	5.654259e-09	6.370794e-09	4.682155e+01	7.423820e+02
5.510000e-06	5.627249e-09	6.354756e-09	4.659788e+01	7.409165e+02
5.520000e-06	5.599974e-09	6.340927e-09	4.637203e+01	7.394211e+02
5.530000e-06	5.572430e-09	6.331642e-09	4.614394e+01	7.379023e+02
5.540000e-06	5.544608e-09	6.323448e-09	4.591355e+01	7.363662e+02
5.550000e-06	5.516499e-09	6.313653e-09	4.568079e+01	7.348178e+02
5.560000e-06	5.488104e-09	6.302333e-09	4.544566e+01	7.332603e+02
5.570000e-06	5.459427e-09	6.286739e-09	4.520819e+01	7.316952e+02
5.580000e-06	5.430484e-09	6.272848e-09	4.496852e+01	7.301224e+02
5.590000e-06	5.401283e-09	6.258010e-09	4.472671e+01	7.285398e+02
5.600000e-06	5.371822e-09	6.242920e-09	4.448275e+01	7.269447e+02
5.610000e-06	5.342098e-09	6.227131e-09	4.423662e+01	7.253338e+02
5.620000e-06	5.312123e-09	6.212422e-09	4.398840e+01	7.237037e+02
5.630000e-06	5.281909e-09	6.202035e-09	4.373821e+01	7.220515e+02
5.640000e-06	5.251449e-09	6.191258e-09	4.348597e+01	7.203749e+02
5.650000e-06	5.220741e-09	6.177017e-09	4.323169e+01	7.186725e+02
5.660000e-06	5.189803e-09	6.159295e-09	4.297550e+01	7.169434e+02
5.670000e-06	5.158654e-09	6.144027e-09	4.271756e+01	7.151871e+02
5.680000e-06	5.127282e-09	6.129248e-09	4.245778e+01	7.134033e+02
5.690000e-06	5.095677e-09	6.114030e-09	4.219607e+01	7.115920e+02
5.700000e-06	5.063843e-09	6.099132e-09	4.193245e+01	7.097528e+02
5.710000e-06	5.031788e-09	6.086088e-09	4.166702e+01	7.078851e+02
5.720000e-06	4.999516e-09	6.076168e-09	4.139978e+01	7.059886e+02
5.730000e-06	4.967007e-09	6.061865e-09	4.113058e+01	7.040630e+02
5.740000e-06	4.934264e-09	6.043599e-09	4.085944e+01	7.021084e+02
5.750000e-06	4.901288e-09	6.022904e-09	4.058637e+01	7.001257e+02
5.760000e-06	4.868089e-09	6.002048e-09	4.031146e+01	6.981168e+02
5.770000e-06	4.834668e-09	5.982084e-09	4.003471e+01	6.960842e+02
5.780000e-06	4.801001e-09	5.962611e-09	3.975592e+01	6.940312e+02
5.790000e-06	4.767088e-09	5.943886e-09	3.947509e+01	6.919617e+02
5.800000e-06	4.732953e-09	5.924839e-09	3.919243e+01	6.898793e+02
5.810000e-06	4.698611e-09	5.907654e-09	3.890806e+01	6.877868e+02
5.820000e-06	4.664043e-09	5.891468e-09	3.862181e+01	6.856863e+02
5.830000e-06	4.629246e-09	5.876116e-09	3.833366e+01	6.835780e+02
5.840000e-06	4.594237e-09	5.860610e-09	3.804375e+01	6.814601e+02
5.850000e-06	4.559029e-09	5.846164e-09	3.775221e+01	6.793293e+02
5.860000e-06	4.523607e-09	5.832203e-09	3.745889e+01	6.771806e+02
5.870000e-06	4.487954e-09	5.814605e-09	3.716366e+01	6.750077e+02
5.880000e-06	4.452084e-09	5.792156e-09	3.686662e+01	6.728042e+02
5.890000e-06	4.416010e-09	5.766680e-09	3.656791e+01	6.705639e+02
5.900000e-06	4.379742e-09	5.744536e-09	3.626758e+01	6.682818e+02
5.910000e-06	4.343277e-09	5.726360e-09	3.596562e+01	6.659548e+02
5.920000e-06	4.306606e-09	5.709510e-09	3.566196e+01	6.635818e+02
5.930000e-06	4.269730e-09	5.690165e-09	3.535659e+01	6.611642e+02
5.940000e-06	4.232654e-09	5.668063e-09	3.504958e+01	6.587053e+02
5.950000e-06	4.195383e-09	5.644616e-09	3.474094e+01	6.562101e+02
5.960000e-06	4.157905e-09	5.618917e-09	3.443060e+01	6.536845e+02
5.970000e-06	4.120222e-09	5.593272e-09	3.411856e+01	6.511343e+02
5.980000e-06	4.082347e-09	5.568752e-09	3.380492e+01	6.485647e+02
5.990000e-06	4.044292e-09	5.548564e-09	3.348980e+01	6.459793e+02
6.000000e-06	4.006048e-09	5.532897e-09	3.317310e+01	6.433796e+02
6.010000e-06	3.967601e-09	5.515584e-09	3.285473e+01	6.407653e+02
6.020000e-06	3.928952e-09	5.492963e-09	3.253469e+01	6.381339e+02
6.030000e-06	3.890115e-09	5.467641e-09	3.221309e+01	6.354816e+02
6.040000e-06	3.851105e-09	5.442593e-09	3.189006e+01	6.328037e+02
6.050000e-06	3.811923e-09	5.417578e-09	3.156560e+01	6.300955e+02
6.060000e-06	3.772568e-09	5.390785e-09	3.123972e+01	6.273531e+02
6.070000e-06	3.733053e-09	5.362652e-09	3.091250e+01	6.245742e+02
6.080000e-06	3.693383e-09	5.336293e-09	3.058400e+01	6.217579e+02
6.090000e-06	3.653559e-09	5.311084e-09	3.025423e+01	6.189056e+02
6.100000e-06	3.613565e-09	5.284048e-09	2.992305e+01	6.160200e+02
6.110000e-06	3.573396e-09	5.255220e-09	2.959042e+01	6.131051e+02
6.120000e-06	3.533065e-09	5.231199e-09	2.925645e+01	6.101649e+02
6.130000e-06	3.492573e-09	5.207987e-09	2.892114e+01	6.072032e+02
6.140000e-06	3.451913e-09	5.183600e-09	2.858445e+01	6.042224e+02
6.150000e-06	3.411091e-09	5.157990e-09	2.824641e+01	6.012231e+02
6.160000e-06	3.370112e-09	5.130279e-09	2.790707e+01	5.982039e+02
6.170000e-06	3.328978e-09	5.102730e-09	2.756645e+01	5.951610e+02
6.180000e-06	3.287687e-09	5.072306e-09	2.722453e+01	5.920894e+02
6.190000e-06	3.246226e-09	5.046810e-09	2.688120e+01	5.889827e+02
6.200000e-06	3.204592e-09	5.022664e-09	2.653644e+01	5.858346e+02
6.210000e-06	3.162793e-09	4.997420e-09	2.619031e+01	5.826398e+02
6.220000e-06	3.120839e-09	4.970536e-09	2.584290e+01	5.793946e+02
6.230000e-06	3.078730e-09	4.937016e-09	2.549421e+01	5.760979e+02
6.240000e-06	3.036467e-09	4.904536e-09	2.514424e+01	5.727511e+02
6.250000e-06	2.994066e-09	4.870684e-09	2.479313e+01	5.693586e+02
6.260000e-06	2.951543e-09	4.838070e-09	2.444100e+01	5.659267e+02
6.270000e-06	2.908895e-09	4.806572e-09	2.408784e+01	5.624632e+02
6.280000e-06	2.866123e-09	4.775737e-09	2.373366e+01	5.589764e+02
6.290000e-06	2.823232e-09	4.750913e-09	2.337848e+01	5.554737e+02
6.300000e-06	2.780227e-09	4.725154e-09	2.302237e+01	5.519608e+02
6.310000e-06	2.737112e-09	4.701300e-09	2.266535e+01	5.484407e+02
6.320000e-06	2.693882e-09	4.674193e-09	2.230737e+01	5.449131e+02
6.330000e-06	2.650523e-09	4.644044e-09	2.194833e+01	5.413748e+02
6.340000e-06	2.607038e-09	4.612328e-09	2.158824e+01	5.378195e+02
6.350000e-06	2.563437e-09	4.580721e-09	2.122719e+01	5.342388e+02
6.360000e-06	2.519720e-09	4.549096e-09	2.086518e+01	5.306233e+02
6.370000e-06	2.475883e-09	4.510752e-09	2.050218e+01	5.269636e+02
6.380000e-06	2.431929e-09	4.476749e-09	2.013820e+01	5.232516e+02
6.390000e-06	2.387865e-09	4.441737e-09	1.977332e+01	5.194815e+02
6.400000e-06	2.343695e-09	4.410869e-09	1.940756e+01	5.156504e+02
6.410000e-06	2.299416e-09	4.383136e-09	1.904089e+01	5.117585e+02
6.420000e-06	2.255026e-09	4.353456e-09	1.867331e+01	5.078094e+02
6.430000e-06	2.210526e-09	4.327480e-09	1.830482e+01	5.038092e+02
6.440000e-06	2.165921e-09	4.294658e-09	1.793545e+01	4.997659e+02
6.450000e-06	2.121217e-09	4.256831e-09	1.756527e+01	4.956882e+02
6.460000e-06	2.076417e-09	4.212173e-09	1.719429e+01	4.915845e+02
6.470000e-06	2.031518e-09	4.169126e-09	1.682250e+01	4.874621e+02
6.480000e-06	1.986528e-09	4.131646e-09	1.644994e+01	4.833258e+02
6.490000e-06	1.941457e-09	4.099979e-09	1.607672e+01	4.791781e+02
6.500000e-06	1.896307e-09	4.077520e-09	1.570285e+01	4.750186e+02
6.510000e-06	1.851074e-09	4.049966e-09	1.532828e+01	4.708442e+02
6.520000e-06	1.805758e-09	4.017488e-09	1.495303e+01	4.666498e+02
6.530000e-06	1.760369e-09	3.975869e-09	1.457717e+01	4.624288e+02
6.540000e-06	1.714912e-09	3.931026e-09	1.420076e+01	4.581739e+02
6.550000e-06	1.669384e-09	3.887323e-09	1.382374e+01	4.538783e+02
6.560000e-06	1.623783e-09	3.844316e-09	1.344614e+01	4.495355e+02
6.570000e-06	1.578120e-09	3.810890e-09	1.306801e+01	4.451407e+02
6.580000e-06	1.532396e-09	3.779405e-09	1.268938e+01	4.406907e+02
6.590000e-06	1.486602e-09	3.748900e-09	1.231018e+01	4.361838e+02
6.600000e-06	1.440734e-09	3.711983e-09	1.193035e+01	4.316200e+02
6.610000e-06	1.394790e-09	3.670355e-09	1.154990e+01	4.270002e+02
6.620000e-06	1.348776e-09	3.629200e-09	1.116887e+01	4.223263e+02
6.630000e-06	1.302703e-09	3.588126e-09	1.078735e+01	4.176004e+02
6.640000e-06	1.256570e-09	3.549926e-09	1.040534e+01	4.128244e+02
6.650000e-06	1.210377e-09	3.507898e-09	1.002283e+01	4.080001e+02
6.660000e-06	1.164130e-09	3.466113e-09	9.639859e+00	4.031285e+02
6.670000e-06	1.117833e-09	3.424699e-09	9.256484e+00	3.982104e+02
6.680000e-06	1.071493e-09	3.383781e-09	8.872759e+00	3.932457e+02
6.690000e-06	1.025111e-09	3.339608e-09	8.488674e+00	3.882340e+02
6.700000e-06	9.786853e-10	3.292014e-09	8.104237e+00	3.831747e+02
6.710000e-06	9.322258e-10	3.248864e-09	7.719517e+00	3.780669e+02
6.720000e-06	8.857380e-10	3.207891e-09	7.334562e+00	3.729097e+02
6.730000e-06	8.392201e-10	3.167296e-09	6.949359e+00	3.677018e+02
6.740000e-06	7.926701e-10	3.121608e-09	6.563890e+00	3.624421e+02
6.750000e-06	7.460914e-10	3.074055e-09	6.178182e+00	3.571290e+02
6.760000e-06	6.994845e-10	3.027969e-09	5.792241e+00	3.517610e+02
6.770000e-06	6.528506e-10	2.982702e-09	5.406078e+00	3.463359e+02
6.780000e-06	6.061868e-10	2.936495e-09	5.019665e+00	3.408516e+02
6.790000e-06	5.594893e-10	2.888569e-09	4.632975e+00	3.353055e+02
6.800000e-06	5.127605e-10	2.842862e-09	4.246025e+00	3.296952e+02
6.810000e-06	4.660063e-10	2.797489e-09	3.858864e+00	3.240185e+02
6.820000e-06	4.192246e-10	2.751819e-09	3.471476e+00	3.182735e+02
6.830000e-06	3.724151e-10	2.700980e-09	3.083858e+00	3.124591e+02
6.840000e-06	3.255811e-10	2.645371e-09	2.696036e+00	3.065746e+02
6.850000e-06	2.787288e-10	2.588261e-09	2.308064e+00	3.006203e+02
6.860000e-06	2.318658e-10	2.533157e-09	1.920002e+00	2.945971e+02
6.870000e-06	1.849929e-10	2.483258e-09	1.531859e+00	2.885060e+02
6.880000e-06	1.381091e-10	2.433465e-09	1.143625e+00	2.823486e+02
6.890000e-06	9.122276e-11	2.383939e-09	7.553701e-01	2.761258e+02
6.900000e-06	4.434216e-11	2.334015e-09	3.671629e-01	2.698381e+02
6.910000e-06	-2.531887e-12	2.282665e-09	-2.099003e-02	2.634850e+02
6.920000e-06	-4.939897e-11	2.228609e-09	-4.090854e-01	2.570652e+02
6.930000e-06	-9.625982e-11	2.171614e-09	-7.971292e-01	2.505761e+02
6.940000e-06	-1.431047e-10	2.115959e-09	-1.185041e+00	2.440144e+02
6.950000e-06	-1.899280e-10	2.063053e-09	-1.572773e+00	2.373761e+02
6.960000e-06	-2.367361e-10	2.010691e-09	-1.960380e+00	2.306573e+02
6.970000e-06	-2.835346e-10	1.954106e-09	-2.347908e+00	2.238543e+02
6.980000e-06	-3.303169e-10	1.893883e-09	-2.735301e+00	2.169643e+02
6.990000e-06	-3.770773e-10	1.831834e-09	-3.122513e+00	2.099858e+02
7.000000e-06	-4.238218e-10	1.768556e-09	-3.509592e+00	2.029185e+02
7.010000e-06	-4.705525e-10	1.705463e-09	-3.896558e+00	1.957638e+02
7.020000e-06	-5.172699e-10	1.642745e-09	-4.283414e+00	1.885243e+02
7.030000e-06	-5.639667e-10	1.580553e-09	-4.670099e+00	1.812033e+02
7.040000e-06	-6.106362e-10	1.519611e-09	-5.056558e+00	1.738047e+02
7.050000e-06	-6.572801e-10	1.459522e-09	-5.442805e+00	1.663319e+02
7.060000e-06	-7.038963e-10	1.396014e-09	-5.828823e+00	1.587879e+02
7.070000e-06	-7.504831e-10	1.328123e-09	-6.214597e+00	1.511744e+02
7.080000e-06	-7.970350e-10	1.259323e-09	-6.600082e+00	1.434916e+02
7.090000e-06	-8.435507e-10	1.193329e-09	-6.985267e+00	1.357384e+02
7.100000e-06	-8.900277e-10	1.130664e-09	-7.370132e+00	1.279125e+02
7.110000e-06	-9.364618e-10	1.066822e-09	-7.754642e+00	1.200108e+02
7.120000e-06	-9.828480e-10	1.000328e-09	-8.138755e+00	1.120300e+02
7.130000e-06	-1.029179e-09	9.316068e-10	-8.522410e+00	1.039671e+02
7.140000e-06	-1.075459e-09	8.599600e-10	-8.905647e+00	9.582036e+01
7.150000e-06	-1.121691e-09	7.842501e-10	-9.288479e+00	8.758912e+01
7.160000e-06	-1.167865e-09	7.070306e-10	-9.670839e+00	7.927464e+01
7.170000e-06	-1.213979e-09	6.317439e-10	-1.005270e+01	7.087980e+01
7.180000e-06	-1.260038e-09	5.597413e-10	-1.043410e+01	6.240898e+01
7.190000e-06	-1.306047e-09	4.896266e-10	-1.081509e+01	5.386759e+01
7.200000e-06	-1.351998e-09	4.169243e-10	-1.119560e+01	4.526146e+01
7.210000e-06	-1.397890e-09	3.437753e-10	-1.157562e+01	3.659628e+01
7.220000e-06	-1.443725e-09	2.696474e-10	-1.195517e+01	2.787693e+01
7.230000e-06	-1.489501e-09	1.943833e-10	-1.233422e+01	1.910714e+01
7.240000e-06	-1.535218e-09	1.196380e-10	-1.271280e+01	1.028920e+01
7.250000e-06	-1.580876e-09	4.438788e-11	-1.309088e+01	1.424028e+00
7.260000e-06	-1.626469e-09	-3.029301e-11	-1.346843e+01	-7.488522e+00
7.270000e-06	-1.671992e-09	-1.072232e-10	-1.384539e+01	-1.644917e+01
7.280000e-06	-1.717442e-09	-1.863189e-10	-1.422175e+01	-2.545858e+01
7.290000e-06	-1.762814e-09	-2.683975e-10	-1.459747e+01	-3.451664e+01
7.300000e-06	-1.808107e-09	-3.514820e-10	-1.497253e+01	-4.362189e+01
7.310000e-06	-1.853311e-09	-4.331890e-10	-1.534685e+01	-5.277110e+01
7.320000e-06	-1.898416e-09	-5.147655e-10	-1.572035e+01	-6.195903e+01
7.330000e-06	-1.943429e-09	-5.945236e-10	-1.609309e+01	-7.117854e+01
7.340000e-06	-1.988349e-09	-6.726069e-10	-1.646506e+01	-8.042093e+01
7.350000e-06	-2.033167e-09	-7.489367e-10	-1.683619e+01	-8.967654e+01
7.360000e-06	-2.077880e-09	-8.265631e-10	-1.720646e+01	-9.893543e+01
7.370000e-06	-2.122494e-09	-9.066854e-10	-1.757589e+01	-1.081882e+02
7.380000e-06	-2.167011e-09	-9.878533e-10	-1.794452e+01	-1.174266e+02
7.390000e-06	-2.211424e-09	-1.068160e-09	-1.831230e+01	-1.266442e+02
7.400000e-06	-2.255731e-09	-1.146640e-09	-1.867919e+01	-1.358363e+02
7.410000e-06	-2.299940e-09	-1.224876e-09	-1.904527e+01	-1.450005e+02
7.420000e-06	-2.344052e-09	-1.304047e-09	-1.941056e+01	-1.541360e+02
7.430000e-06	-2.388064e-09	-1.385586e-09	-1.977501e+01	-1.632432e+02
7.440000e-06	-2.431979e-09	-1.466558e-09	-2.013866e+01	-1.723232e+02
7.450000e-06	-2.475787e-09	-1.545654e-09	-2.050142e+01	-1.813769e+02
7.460000e-06	-2.519486e-09	-1.623647e-09	-2.086328e+01	-1.904048e+02
7.470000e-06	-2.563073e-09	-1.700223e-09	-2.122421e+01	-1.994060e+02
7.480000e-06	-2.606540e-09	-1.777644e-09	-2.158416e+01	-2.083786e+02
7.490000e-06	-2.649881e-09	-1.855492e-09	-2.194306e+01	-2.173194e+02
7.500000e-06	-2.693091e-09	-1.933292e-09	-2.230086e+01	-2.262238e+02
7.510000e-06	-2.736174e-09	-2.009701e-09	-2.265762e+01	-2.350872e+02
7.520000e-06	-2.779131e-09	-2.084853e-09	-2.301334e+01	-2.439044e+02
7.530000e-06	-2.821957e-09	-2.158764e-09	-2.336798e+01	-2.526708e+02
7.540000e-06	-2.864651e-09	-2.229813e-09	-2.372151e+01	-2.613828e+02
7.550000e-06	-2.907212e-09	-2.299163e-09	-2.407395e+01	-2.700376e+02
7.560000e-06	-2.949642e-09	-2.367717e-09	-2.442530e+01	-2.786337e+02
7.570000e-06	-2.991942e-09	-2.440864e-09	-2.477558e+01	-2.871702e+02
7.580000e-06	-3.034103e-09	-2.519790e-09	-2.512470e+01	-2.956468e+02
7.590000e-06	-3.076117e-09	-2.598168e-09	-2.547261e+01	-3.040630e+02
7.600000e-06	-3.117985e-09	-2.671054e-09	-2.581931e+01	-3.124178e+02
7.610000e-06	-3.159706e-09	-2.741784e-09	-2.616479e+01	-3.207088e+02
7.620000e-06	-3.201275e-09	-2.814518e-09	-2.650902e+01	-3.289322e+02
7.630000e-06	-3.242682e-09	-2.885331e-09	-2.685190e+01	-3.370828e+02
7.640000e-06	-3.283937e-09	-2.953586e-09	-2.719351e+01	-3.451539e+02
7.650000e-06	-3.325047e-09	-3.019947e-09	-2.753394e+01	-3.531380e+02
7.660000e-06	-3.366008e-09	-3.086816e-09	-2.787312e+01	-3.610272e+02
7.670000e-06	-3.406818e-09	-3.155298e-09	-2.821107e+01	-3.688143e+02
7.680000e-06	-3.447475e-09	-3.221143e-09	-2.854774e+01	-3.764935e+02
7.690000e-06	-3.487969e-09	-3.283811e-09	-2.888306e+01	-3.840607e+02
7.700000e-06	-3.528294e-09	-3.344760e-09	-2.921698e+01	-3.915144e+02
7.710000e-06	-3.568444e-09	-3.407979e-09	-2.954945e+01	-3.988556e+02
7.720000e-06	-3.608412e-09	-3.472870e-09	-2.988042e+01	-4.060875e+02
7.730000e-06	-3.648203e-09	-3.534390e-09	-3.020991e+01	-4.132153e+02
7.740000e-06	-3.687820e-09	-3.590780e-09	-3.053798e+01	-4.202449e+02
7.750000e-06	-3.727268e-09	-3.646349e-09	-3.086464e+01	-4.271827e+02
7.760000e-06	-3.766550e-09	-3.706454e-09	-3.118992e+01	-4.340342e+02
7.770000e-06	-3.805665e-09	-3.767798e-09	-3.151382e+01	-4.408035e+02
7.780000e-06	-3.844604e-09	-3.826186e-09	-3.183626e+01	-4.474924e+02
7.790000e-06	-3.883364e-09	-3.882309e-09	-3.215723e+01	-4.541005e+02
7.800000e-06	-3.921944e-09	-3.940600e-09	-3.247670e+01	-4.606253e+02
7.810000e-06	-3.960336e-09	-3.999253e-09	-3.279461e+01	-4.670625e+02
7.820000e-06	-3.998550e-09	-4.053427e-09	-3.311105e+01	-4.734068e+02
7.830000e-06	-4.036587e-09	-4.102158e-09	-3.342603e+01	-4.796527e+02
7.840000e-06	-4.074443e-09	-4.148116e-09	-3.373951e+01	-4.857955e+02
7.850000e-06	-4.112120e-09	-4.197056e-09	-3.405150e+01	-4.918322e+02
7.860000e-06	-4.149613e-09	-4.248783e-09	-3.436197e+01	-4.977618e+02
7.870000e-06	-4.186921e-09	-4.299567e-09	-3.467091e+01	-5.035856e+02
7.880000e-06	-4.224035e-09	-4.348272e-09	-3.497824e+01	-5.093076e+02
7.890000e-06	-4.260944e-09	-4.398287e-09	-3.528388e+01	-5.149335e+02
7.900000e-06	-4.297647e-09	-4.451437e-09	-3.558780e+01	-5.204703e+02
7.910000e-06	-4.334140e-09	-4.502684e-09	-3.588999e+01	-5.259254e+02
7.920000e-06	-4.370421e-09	-4.548185e-09	-3.619042e+01	-5.313060e+02
7.930000e-06	-4.406487e-09	-4.590116e-09	-3.648908e+01	-5.366179e+02
7.940000e-06	-4.442321e-09	-4.634528e-09	-3.678581e+01	-5.418650e+02
7.950000e-06	-4.477926e-09	-4.682444e-09	-3.708064e+01	-5.470492e+02
7.960000e-06	-4.513304e-09	-4.727430e-09	-3.737361e+01	-5.521703e+02
7.970000e-06	-4.548450e-09	-4.768588e-09	-3.766464e+01	-5.572260e+02
7.980000e-06	-4.583382e-09	-4.810333e-09	-3.795391e+01	-5.622129e+02
7.990000e-06	-4.618104e-09	-4.855533e-09	-3.824143e+01	-5.671270e+02
8.000000e-06	-4.652609e-09	-4.901020e-09	-3.852715e+01	-5.719642e+02
8.010000e-06	-4.686905e-09	-4.942030e-09	-3.881115e+01	-5.767213e+02
8.020000e-06	-4.721000e-09	-4.979490e-09	-3.909348e+01	-5.813966e+02
8.030000e-06	-4.754900e-09	-5.016211e-09	-3.937420e+01	-5.859896e+02
8.040000e-06	-4.788595e-09	-5.054210e-09	-3.965322e+01	-5.905017e+02
8.050000e-06	-4.822076e-09	-5.091343e-09	-3.993047e+01	-5.949353e+02
8.060000e-06	-4.855346e-09	-5.128152e-09	-4.020597e+01	-5.992941e+02
8.070000e-06	-4.888400e-09	-5.168021e-09	-4.047968e+01	-6.035820e+02
8.080000e-06	-4.921235e-09	-5.210805e-09	-4.075158e+01	-6.078027e+02
8.090000e-06	-4.953848e-09	-5.253614e-09	-4.102164e+01	-6.119594e+02
8.100000e-06	-4.986231e-09	-5.291194e-09	-4.128980e+01	-6.160544e+02
8.110000e-06	-5.018375e-09	-5.323146e-09	-4.155597e+01	-6.200890e+02
8.120000e-06	-5.050279e-09	-5.354252e-09	-4.182017e+01	-6.240632e+02
8.130000e-06	-5.081949e-09	-5.384604e-09	-4.208242e+01	-6.279768e+02
8.140000e-06	-5.113378e-09	-5.414125e-09	-4.234267e+01	-6.318290e+02
8.150000e-06	-5.144562e-09	-5.442340e-09	-4.260090e+01	-6.356192e+02
8.160000e-06	-5.175504e-09	-5.469687e-09	-4.285712e+01	-6.393471e+02
8.170000e-06	-5.206202e-09	-5.502323e-09	-4.311132e+01	-6.430136e+02
8.180000e-06	-5.236656e-09	-5.539244e-09	-4.336350e+01	-6.466200e+02
8.190000e-06	-5.266865e-09	-5.574496e-09	-4.361366e+01	-6.501685e+02
8.200000e-06	-5.296828e-09	-5.606318e-09	-4.386178e+01	-6.536621e+02
8.210000e-06	-5.326551e-09	-5.637711e-09	-4.410790e+01	-6.571037e+02
8.220000e-06	-5.356040e-09	-5.668836e-09	-4.435209e+01	-6.604960e+02
8.230000e-06	-5.385291e-09	-5.696700e-09	-4.459431e+01	-6.638414e+02
8.240000e-06	-5.414298e-09	-5.721878e-09	-4.483452e+01	-6.671410e+02
8.250000e-06	-5.443053e-09	-5.747864e-09	-4.507263e+01	-6.703953e+02
8.260000e-06	-5.471553e-09	-5.775914e-09	-4.530863e+01	-6.736037e+02
8.270000e-06	-5.499796e-09	-5.805095e-09	-4.554250e+01	-6.767648e+02
8.280000e-06	-5.527776e-09	-5.835210e-09	-4.577420e+01	-6.798771e+02
8.290000e-06	-5.555495e-09	-5.865023e-09	-4.600373e+01	-6.829391e+02
8.300000e-06	-5.582951e-09	-5.892190e-09	-4.623109e+01	-6.859498e+02
8.310000e-06	-5.610140e-09	-5.916993e-09	-4.645624e+01	-6.889091e+02
8.320000e-06	-5.637065e-09	-5.939198e-09	-4.667919e+01	-6.918178e+02
8.330000e-06	-5.663733e-09	-5.958917e-09	-4.690002e+01	-6.946777e+02
8.340000e-06	-5.690146e-09	-5.979427e-09	-4.711875e+01	-6.974914e+02
8.350000e-06	-5.716303e-09	-6.004165e-09	-4.733535e+01	-7.002616e+02
8.360000e-06	-5.742209e-09	-6.032380e-09	-4.754986e+01	-7.029912e+02
8.370000e-06	-5.767861e-09	-6.060069e-09	-4.776228e+01	-7.056821e+02
8.380000e-06	-5.793245e-09	-6.086173e-09	-4.797248e+01	-7.083354e+02
8.390000e-06	-5.818370e-09	-6.113149e-09	-4.818054e+01	-7.109509e+02
8.400000e-06	-5.843236e-09	-6.141175e-09	-4.838645e+01	-7.135270e+02
8.410000e-06	-5.867824e-09	-6.164332e-09	-4.859006e+01	-7.160611e+02
8.420000e-06	-5.892138e-09	-6.183098e-09	-4.879139e+01	-7.185502e+02
8.430000e-06	-5.916182e-09	-6.201655e-09	-4.899050e+01	-7.209911e+02
8.440000e-06	-5.939943e-09	-6.220650e-09	-4.918725e+01	-7.233813e+02
8.450000e-06	-5.963403e-09	-6.239546e-09	-4.938152e+01	-7.257197e+02
8.460000e-06	-5.986563e-09	-6.257732e-09	-4.957330e+01	-7.280066e+02
8.470000e-06	-6.009414e-09	-6.277136e-09	-4.976252e+01	-7.302441e+02
8.480000e-06	-6.031955e-09	-6.299891e-09	-4.994918e+01	-7.324360e+02
8.490000e-06	-6.054204e-09	-6.325238e-09	-5.013342e+01	-7.345872e+02
8.500000e-06	-6.076167e-09	-6.347723e-09	-5.031529e+01	-7.367030e+02
8.510000e-06	-6.097857e-09	-6.365229e-09	-5.049490e+01	-7.387881e+02
8.520000e-06	-6.119292e-09	-6.382076e-09	-5.067239e+01	-7.408462e+02
8.530000e-06	-6.140471e-09	-6.400661e-09	-5.084778e+01	-7.428786e+02
8.540000e-06	-6.161384e-09	-6.420019e-09	-5.102095e+01	-7.448844e+02
8.550000e-06	-6.182003e-09	-6.437587e-09	-5.119169e+01	-7.468601e+02
8.560000e-06	-6.202323e-09	-6.454475e-09	-5.135995e+01	-7.488000e+02
8.570000e-06	-6.222354e-09	-6.474962e-09	-5.152583e+01	-7.506970e+02
8.580000e-06	-6.242103e-09	-6.498459e-09	-5.168936e+01	-7.525434e+02
8.590000e-06	-6.261581e-09	-6.520171e-09	-5.185066e+01	-7.543325e+02
8.600000e-06	-6.280788e-09	-6.534687e-09	-5.200970e+01	-7.560591e+02
8.610000e-06	-6.299708e-09	-6.544010e-09	-5.216637e+01	-7.577213e+02
8.620000e-06	-6.318342e-09	-6.551291e-09	-5.232068e+01	-7.593201e+02
8.630000e-06	-6.336689e-09	-6.559001e-09	-5.247260e+01	-7.608603e+02
8.640000e-06	-6.354744e-09	-6.570181e-09	-5.262211e+01	-7.623496e+02
8.650000e-06	-6.372522e-09	-6.584203e-09	-5.276933e+01	-7.637978e+02
8.660000e-06	-6.390016e-09	-6.603410e-09	-5.291420e+01	-7.652153e+02
8.670000e-06	-6.407211e-09	-6.624621e-09	-5.305658e+01	-7.666121e+02
8.680000e-06	-6.424112e-09	-6.642398e-09	-5.319653e+01	-7.679956e+02
8.690000e-06	-6.440726e-09	-6.654346e-09	-5.333411e+01	-7.693703e+02
8.700000e-06	-6.457065e-09	-6.662465e-09	-5.346941e+01	-7.707361e+02
8.710000e-06	-6.473133e-09	-6.671169e-09	-5.360247e+01	-7.720891e+02
8.720000e-06	-6.488902e-09	-6.683479e-09	-5.373304e+01	-7.734213e+02
8.730000e-06	-6.504344e-09	-6.697607e-09	-5.386092e+01	-7.747223e+02
8.740000e-06	-6.519453e-09	-6.711117e-09	-5.398603e+01	-7.759805e+02
8.750000e-06	-6.534241e-09	-6.722315e-09	-5.410849e+01	-7.771851e+02
8.760000e-06	-6.548734e-09	-6.729637e-09	-5.422850e+01	-7.783279e+02
8.770000e-06	-6.562925e-09	-6.733723e-09	-5.434601e+01	-7.794045e+02
8.780000e-06	-6.576796e-09	-6.734894e-09	-5.446088e+01	-7.804156e+02
8.790000e-06	-6.590353e-09	-6.739789e-09	-5.457314e+01	-7.813669e+02
8.800000e-06	-6.603615e-09	-6.750406e-09	-5.468295e+01	-7.822689e+02
8.810000e-06	-6.616594e-09	-6.766471e-09	-5.479043e+01	-7.831352e+02
8.820000e-06	-6.629288e-09	-6.782611e-09	-5.489554e+01	-7.839812e+02
8.830000e-06	-6.641671e-09	-6.792833e-09	-5.499808e+01	-7.848214e+02
8.840000e-06	-6.653725e-09	-6.798456e-09	-5.509790e+01	-7.856676e+02
8.850000e-06	-6.665475e-09	-6.799765e-09	-5.519520e+01	-7.865270e+02
8.860000e-06	-6.676944e-09	-6.803351e-09	-5.529017e+01	-7.874009e+02
8.870000e-06	-6.688131e-09	-6.807735e-09	-5.538281e+01	-7.882847e+02
8.880000e-06	-6.698997e-09	-6.813199e-09	-5.547278e+01	-7.891676e+02
8.890000e-06	-6.709510e-09	-6.822541e-09	-5.555984e+01	-7.900347e+02
8.900000e-06	-6.719672e-09	-6.834071e-09	-5.564399e+01	-7.908689e+02
8.910000e-06	-6.729489e-09	-6.844474e-09	-5.572528e+01	-7.916531e+02
8.920000e-06	-6.738952e-09	-6.846840e-09	-5.580364e+01	-7.923731e+02
8.930000e-06	-6.748093e-09	-6.845624e-09	-5.587934e+01	-7.930195e+02
8.940000e-06	-6.756957e-09	-6.843869e-09	-5.595274e+01	-7.935895e+02
8.950000e-06	-6.765560e-09	-6.845495e-09	-5.602398e+01	-7.940876e+02
8.960000e-06	-6.773895e-09	-6.847983e-09	-5.609300e+01	-7.945253e+02
8.970000e-06	-6.781952e-09	-6.849878e-09	-5.615972e+01	-7.949195e+02
8.980000e-06	-6.789716e-09	-6.855839e-09	-5.622401e+01	-7.952906e+02
8.990000e-06	-6.797145e-09	-6.863557e-09	-5.628552e+01	-7.956599e+02
9.000000e-06	-6.804243e-09	-6.872268e-09	-5.634430e+01	-7.960462e+02
9.010000e-06	-6.811044e-09	-6.876044e-09	-5.640062e+01	-7.964637e+02
9.020000e-06	-6.817552e-09	-6.878904e-09	-5.645451e+01	-7.969197e+02
9.030000e-06	-6.823753e-09	-6.882397e-09	-5.650586e+01	-7.974136e+02
9.040000e-06	-6.829612e-09	-6.885446e-09	-5.655438e+01	-7.979368e+02
9.050000e-06	-6.835146e-09	-6.888192e-09	-5.660021e+01	-7.984743e+02
9.060000e-06	-6.840386e-09	-6.886715e-09	-5.664359e+01	-7.990063e+02
9.070000e-06	-6.845326e-09	-6.886294e-09	-5.668450e+01	-7.995110e+02
9.080000e-06	-6.849971e-09	-6.887051e-09	-5.672296e+01	-7.999683e+02
9.090000e-06	-6.854286e-09	-6.890670e-09	-5.675870e+01	-8.003620e+02
9.100000e-06	-6.858266e-09	-6.895122e-09	-5.679165e+01	-8.006827e+02
9.110000e-06	-6.861959e-09	-6.899171e-09	-5.682223e+01	-8.009289e+02
9.120000e-06	-6.865371e-09	-6.903899e-09	-5.685049e+01	-8.011074e+02
9.130000e-06	-6.868487e-09	-6.906714e-09	-5.687629e+01	-8.012322e+02
9.140000e-06	-6.871252e-09	-6.908736e-09	-5.689919e+01	-8.013229e+02
9.150000e-06	-6.873641e-09	-6.907760e-09	-5.691897e+01	-8.014014e+02
9.160000e-06	-6.875696e-09	-6.906953e-09	-5.693598e+01	-8.014890e+02
9.170000e-06	-6.877449e-09	-6.907084e-09	-5.695050e+01	-8.016030e+02
9.180000e-06	-6.878910e-09	-6.908565e-09	-5.696260e+01	-8.017542e+02
9.190000e-06	-6.880039e-09	-6.909937e-09	-5.697195e+01	-8.019451e+02
9.200000e-06	-6.880830e-09	-6.909992e-09	-5.697850e+01	-8.021695e+02
9.210000e-06	-6.881333e-09	-6.911924e-09	-5.698266e+01	-8.024127e+02
