# Temperatura_=_20.0
# Concentracion g/m^3_=_18000.0
# C_Vs_to_Am_M_A/Vsm_=_116720831517.84952
# pendiente_HvsI_1/m_=_3716.3
# ordenada_HvsI_A/m_=_1297.0
# frecuencia_Hz_=_108504.82369778518
# Promedio de 29 ciclos

Tiempo_(s)	Campo_(V.s)	Magnetizacion_(V.s)	Campo_(kA/m)	Magnetizacion_(A/m)
0.000000e+00	-6.891234e-09	-7.102002e-09	-5.698656e+01	-8.251684e+02
1.000000e-08	-6.891267e-09	-7.102125e-09	-5.698683e+01	-8.251539e+02
2.000000e-08	-6.890985e-09	-7.097877e-09	-5.698451e+01	-8.251439e+02
3.000000e-08	-6.890361e-09	-7.088961e-09	-5.697935e+01	-8.251491e+02
4.000000e-08	-6.889429e-09	-7.080828e-09	-5.697164e+01	-8.251753e+02
5.000000e-08	-6.888234e-09	-7.081548e-09	-5.696176e+01	-8.252221e+02
6.000000e-08	-6.886768e-09	-7.089711e-09	-5.694963e+01	-8.252826e+02
7.000000e-08	-6.885009e-09	-7.100050e-09	-5.693509e+01	-8.253436e+02
8.000000e-08	-6.882911e-09	-7.100954e-09	-5.691774e+01	-8.253868e+02
9.000000e-08	-6.880453e-09	-7.095551e-09	-5.689741e+01	-8.253911e+02
1.000000e-07	-6.877586e-09	-7.103957e-09	-5.687370e+01	-8.253354e+02
1.100000e-07	-6.874189e-09	-7.117719e-09	-5.684561e+01	-8.252009e+02
1.200000e-07	-6.870273e-09	-7.108207e-09	-5.681323e+01	-8.249749e+02
1.300000e-07	-6.866074e-09	-7.071727e-09	-5.677850e+01	-8.246521e+02
1.400000e-07	-6.861809e-09	-7.048744e-09	-5.674324e+01	-8.242365e+02
1.500000e-07	-6.857428e-09	-7.100761e-09	-5.670701e+01	-8.237415e+02
1.600000e-07	-6.852576e-09	-7.125733e-09	-5.666689e+01	-8.231890e+02
1.700000e-07	-6.847192e-09	-7.042730e-09	-5.662237e+01	-8.226077e+02
1.800000e-07	-6.841637e-09	-7.057327e-09	-5.657643e+01	-8.220297e+02
1.900000e-07	-6.835888e-09	-7.145119e-09	-5.652888e+01	-8.214872e+02
2.000000e-07	-6.829651e-09	-7.097611e-09	-5.647731e+01	-8.210090e+02
2.100000e-07	-6.823154e-09	-7.053481e-09	-5.642359e+01	-8.206167e+02
2.200000e-07	-6.816596e-09	-7.112532e-09	-5.636936e+01	-8.203228e+02
2.300000e-07	-6.809666e-09	-7.114034e-09	-5.631205e+01	-8.201283e+02
2.400000e-07	-6.802298e-09	-7.032757e-09	-5.625112e+01	-8.200234e+02
2.500000e-07	-6.794733e-09	-7.069917e-09	-5.618856e+01	-8.199875e+02
2.600000e-07	-6.786888e-09	-7.120160e-09	-5.612369e+01	-8.199923e+02
2.700000e-07	-6.778647e-09	-7.048533e-09	-5.605554e+01	-8.200049e+02
2.800000e-07	-6.770226e-09	-7.060302e-09	-5.598590e+01	-8.199909e+02
2.900000e-07	-6.761525e-09	-7.112643e-09	-5.591395e+01	-8.199189e+02
3.000000e-07	-6.752353e-09	-7.060787e-09	-5.583810e+01	-8.197636e+02
3.100000e-07	-6.742927e-09	-7.032247e-09	-5.576016e+01	-8.195083e+02
3.200000e-07	-6.733271e-09	-7.084281e-09	-5.568031e+01	-8.191465e+02
3.300000e-07	-6.723070e-09	-7.053483e-09	-5.559595e+01	-8.186819e+02
3.400000e-07	-6.712394e-09	-7.011938e-09	-5.550766e+01	-8.181277e+02
3.500000e-07	-6.701514e-09	-7.046034e-09	-5.541769e+01	-8.175037e+02
3.600000e-07	-6.690294e-09	-7.025526e-09	-5.532491e+01	-8.168344e+02
3.700000e-07	-6.678676e-09	-6.996626e-09	-5.522884e+01	-8.161448e+02
3.800000e-07	-6.666749e-09	-7.019170e-09	-5.513021e+01	-8.154577e+02
3.900000e-07	-6.654486e-09	-7.020186e-09	-5.502880e+01	-8.147909e+02
4.000000e-07	-6.641917e-09	-7.007603e-09	-5.492487e+01	-8.141550e+02
4.100000e-07	-6.629088e-09	-7.026206e-09	-5.481877e+01	-8.135531e+02
4.200000e-07	-6.615911e-09	-7.013450e-09	-5.470981e+01	-8.129805e+02
4.300000e-07	-6.602385e-09	-6.983670e-09	-5.459796e+01	-8.124263e+02
4.400000e-07	-6.588627e-09	-6.988708e-09	-5.448419e+01	-8.118752e+02
4.500000e-07	-6.574619e-09	-6.972810e-09	-5.436835e+01	-8.113102e+02
4.600000e-07	-6.560336e-09	-6.949690e-09	-5.425023e+01	-8.107150e+02
4.700000e-07	-6.545765e-09	-6.949740e-09	-5.412974e+01	-8.100765e+02
4.800000e-07	-6.530871e-09	-6.955446e-09	-5.400657e+01	-8.093863e+02
4.900000e-07	-6.515669e-09	-6.952704e-09	-5.388087e+01	-8.086418e+02
5.000000e-07	-6.500130e-09	-6.945461e-09	-5.375237e+01	-8.078462e+02
5.100000e-07	-6.484232e-09	-6.933709e-09	-5.362090e+01	-8.070073e+02
5.200000e-07	-6.468012e-09	-6.914261e-09	-5.348677e+01	-8.061366e+02
5.300000e-07	-6.451502e-09	-6.909404e-09	-5.335024e+01	-8.052466e+02
5.400000e-07	-6.434694e-09	-6.902277e-09	-5.321124e+01	-8.043495e+02
5.500000e-07	-6.417586e-09	-6.886031e-09	-5.306977e+01	-8.034547e+02
5.600000e-07	-6.400192e-09	-6.874561e-09	-5.292594e+01	-8.025678e+02
5.700000e-07	-6.382498e-09	-6.875825e-09	-5.277962e+01	-8.016900e+02
5.800000e-07	-6.364490e-09	-6.877208e-09	-5.263070e+01	-8.008175e+02
5.900000e-07	-6.346148e-09	-6.867041e-09	-5.247902e+01	-7.999431e+02
6.000000e-07	-6.327490e-09	-6.856195e-09	-5.232473e+01	-7.990569e+02
6.100000e-07	-6.308557e-09	-6.842452e-09	-5.216816e+01	-7.981484e+02
6.200000e-07	-6.289348e-09	-6.837866e-09	-5.200932e+01	-7.972078e+02
6.300000e-07	-6.269848e-09	-6.829368e-09	-5.184807e+01	-7.962281e+02
6.400000e-07	-6.250057e-09	-6.812164e-09	-5.168441e+01	-7.952055e+02
6.500000e-07	-6.229996e-09	-6.800871e-09	-5.151852e+01	-7.941408e+02
6.600000e-07	-6.209673e-09	-6.794975e-09	-5.135046e+01	-7.930382e+02
6.700000e-07	-6.189096e-09	-6.793819e-09	-5.118029e+01	-7.919055e+02
6.800000e-07	-6.168248e-09	-6.787401e-09	-5.100789e+01	-7.907522e+02
6.900000e-07	-6.147119e-09	-6.778872e-09	-5.083317e+01	-7.895880e+02
7.000000e-07	-6.125729e-09	-6.770158e-09	-5.065629e+01	-7.884216e+02
7.100000e-07	-6.104055e-09	-6.764325e-09	-5.047705e+01	-7.872590e+02
7.200000e-07	-6.082091e-09	-6.756493e-09	-5.029542e+01	-7.861027e+02
7.300000e-07	-6.059848e-09	-6.741432e-09	-5.011149e+01	-7.849514e+02
7.400000e-07	-6.037325e-09	-6.729767e-09	-4.992523e+01	-7.838002e+02
7.500000e-07	-6.014489e-09	-6.720714e-09	-4.973640e+01	-7.826415e+02
7.600000e-07	-5.991309e-09	-6.713598e-09	-4.954471e+01	-7.814663e+02
7.700000e-07	-5.967794e-09	-6.705291e-09	-4.935026e+01	-7.802654e+02
7.800000e-07	-5.943978e-09	-6.697078e-09	-4.915331e+01	-7.790315e+02
7.900000e-07	-5.919871e-09	-6.692125e-09	-4.895396e+01	-7.777595e+02
8.000000e-07	-5.895465e-09	-6.686242e-09	-4.875213e+01	-7.764483e+02
8.100000e-07	-5.870773e-09	-6.674187e-09	-4.854795e+01	-7.751004e+02
8.200000e-07	-5.845809e-09	-6.655025e-09	-4.834151e+01	-7.737214e+02
8.300000e-07	-5.820591e-09	-6.636505e-09	-4.813297e+01	-7.723197e+02
8.400000e-07	-5.795130e-09	-6.621692e-09	-4.792242e+01	-7.709048e+02
8.500000e-07	-5.769413e-09	-6.613456e-09	-4.770976e+01	-7.694857e+02
8.600000e-07	-5.743440e-09	-6.608113e-09	-4.749498e+01	-7.680699e+02
8.700000e-07	-5.717224e-09	-6.601994e-09	-4.727819e+01	-7.666618e+02
8.800000e-07	-5.690769e-09	-6.596188e-09	-4.705942e+01	-7.652621e+02
8.900000e-07	-5.664064e-09	-6.586926e-09	-4.683859e+01	-7.638677e+02
9.000000e-07	-5.637107e-09	-6.570682e-09	-4.661566e+01	-7.624719e+02
9.100000e-07	-5.609892e-09	-6.547627e-09	-4.639061e+01	-7.610657e+02
9.200000e-07	-5.582412e-09	-6.524693e-09	-4.616337e+01	-7.596385e+02
9.300000e-07	-5.554660e-09	-6.507055e-09	-4.593388e+01	-7.581803e+02
9.400000e-07	-5.526618e-09	-6.494920e-09	-4.570198e+01	-7.566825e+02
9.500000e-07	-5.498273e-09	-6.485909e-09	-4.546758e+01	-7.551397e+02
9.600000e-07	-5.469628e-09	-6.475584e-09	-4.523071e+01	-7.535497e+02
9.700000e-07	-5.440700e-09	-6.462199e-09	-4.499149e+01	-7.519147e+02
9.800000e-07	-5.411502e-09	-6.447044e-09	-4.475004e+01	-7.502400e+02
9.900000e-07	-5.382039e-09	-6.431786e-09	-4.450640e+01	-7.485338e+02
1.000000e-06	-5.352317e-09	-6.414762e-09	-4.426061e+01	-7.468055e+02
1.010000e-06	-5.322353e-09	-6.398110e-09	-4.401283e+01	-7.450647e+02
1.020000e-06	-5.292155e-09	-6.381840e-09	-4.376311e+01	-7.433197e+02
1.030000e-06	-5.261717e-09	-6.364339e-09	-4.351140e+01	-7.415760e+02
1.040000e-06	-5.231033e-09	-6.347669e-09	-4.325766e+01	-7.398358e+02
1.050000e-06	-5.200104e-09	-6.330088e-09	-4.300190e+01	-7.380981e+02
1.060000e-06	-5.168948e-09	-6.313831e-09	-4.274426e+01	-7.363580e+02
1.070000e-06	-5.137573e-09	-6.299991e-09	-4.248481e+01	-7.346085e+02
1.080000e-06	-5.105979e-09	-6.287146e-09	-4.222354e+01	-7.328407e+02
1.090000e-06	-5.074162e-09	-6.272028e-09	-4.196044e+01	-7.310458e+02
1.100000e-06	-5.042126e-09	-6.251459e-09	-4.169551e+01	-7.292157e+02
1.110000e-06	-5.009880e-09	-6.228110e-09	-4.142886e+01	-7.273445e+02
1.120000e-06	-4.977421e-09	-6.204477e-09	-4.116044e+01	-7.254288e+02
1.130000e-06	-4.944733e-09	-6.183289e-09	-4.089013e+01	-7.234684e+02
1.140000e-06	-4.911809e-09	-6.165066e-09	-4.061787e+01	-7.214657e+02
1.150000e-06	-4.878652e-09	-6.149799e-09	-4.034368e+01	-7.194252e+02
1.160000e-06	-4.845256e-09	-6.136997e-09	-4.006751e+01	-7.173523e+02
1.170000e-06	-4.811618e-09	-6.123732e-09	-3.978934e+01	-7.152526e+02
1.180000e-06	-4.777738e-09	-6.108100e-09	-3.950918e+01	-7.131306e+02
1.190000e-06	-4.743618e-09	-6.087354e-09	-3.922702e+01	-7.109890e+02
1.200000e-06	-4.709269e-09	-6.064096e-09	-3.894298e+01	-7.088280e+02
1.210000e-06	-4.674704e-09	-6.040461e-09	-3.865714e+01	-7.066453e+02
1.220000e-06	-4.639914e-09	-6.017933e-09	-3.836945e+01	-7.044366e+02
1.230000e-06	-4.604887e-09	-5.997980e-09	-3.807980e+01	-7.021960e+02
1.240000e-06	-4.569637e-09	-5.979849e-09	-3.778830e+01	-6.999171e+02
1.250000e-06	-4.534178e-09	-5.961892e-09	-3.749507e+01	-6.975944e+02
1.260000e-06	-4.498514e-09	-5.940316e-09	-3.720015e+01	-6.952237e+02
1.270000e-06	-4.462651e-09	-5.916896e-09	-3.690359e+01	-6.928032e+02
1.280000e-06	-4.426586e-09	-5.893897e-09	-3.660535e+01	-6.903339e+02
1.290000e-06	-4.390327e-09	-5.874098e-09	-3.630551e+01	-6.878195e+02
1.300000e-06	-4.353872e-09	-5.856179e-09	-3.600405e+01	-6.852661e+02
1.310000e-06	-4.317211e-09	-5.839808e-09	-3.570089e+01	-6.826812e+02
1.320000e-06	-4.280343e-09	-5.822698e-09	-3.539601e+01	-6.800731e+02
1.330000e-06	-4.243274e-09	-5.800133e-09	-3.508947e+01	-6.774491e+02
1.340000e-06	-4.206017e-09	-5.777205e-09	-3.478137e+01	-6.748151e+02
1.350000e-06	-4.168573e-09	-5.754069e-09	-3.447173e+01	-6.721746e+02
1.360000e-06	-4.130940e-09	-5.731277e-09	-3.416053e+01	-6.695281e+02
1.370000e-06	-4.093107e-09	-5.710338e-09	-3.384767e+01	-6.668733e+02
1.380000e-06	-4.055073e-09	-5.689253e-09	-3.353315e+01	-6.642052e+02
1.390000e-06	-4.016841e-09	-5.668796e-09	-3.321700e+01	-6.615172e+02
1.400000e-06	-3.978408e-09	-5.648050e-09	-3.289918e+01	-6.588019e+02
1.410000e-06	-3.939774e-09	-5.625379e-09	-3.257970e+01	-6.560522e+02
1.420000e-06	-3.900952e-09	-5.601623e-09	-3.225866e+01	-6.532622e+02
1.430000e-06	-3.861953e-09	-5.577690e-09	-3.193616e+01	-6.504283e+02
1.440000e-06	-3.822783e-09	-5.553201e-09	-3.161225e+01	-6.475499e+02
1.450000e-06	-3.783435e-09	-5.528596e-09	-3.128687e+01	-6.446288e+02
1.460000e-06	-3.743908e-09	-5.505355e-09	-3.096000e+01	-6.416697e+02
1.470000e-06	-3.704211e-09	-5.481879e-09	-3.063172e+01	-6.386791e+02
1.480000e-06	-3.664345e-09	-5.458466e-09	-3.030205e+01	-6.356645e+02
1.490000e-06	-3.624310e-09	-5.436873e-09	-2.997099e+01	-6.326337e+02
1.500000e-06	-3.584111e-09	-5.416119e-09	-2.963857e+01	-6.295932e+02
1.510000e-06	-3.543754e-09	-5.395215e-09	-2.930484e+01	-6.265479e+02
1.520000e-06	-3.503240e-09	-5.371051e-09	-2.896981e+01	-6.235000e+02
1.530000e-06	-3.462562e-09	-5.343597e-09	-2.863343e+01	-6.204491e+02
1.540000e-06	-3.421716e-09	-5.314269e-09	-2.829566e+01	-6.173921e+02
1.550000e-06	-3.380699e-09	-5.284060e-09	-2.795647e+01	-6.143235e+02
1.560000e-06	-3.339510e-09	-5.255158e-09	-2.761586e+01	-6.112363e+02
1.570000e-06	-3.298155e-09	-5.226634e-09	-2.727388e+01	-6.081225e+02
1.580000e-06	-3.256631e-09	-5.201790e-09	-2.693050e+01	-6.049742e+02
1.590000e-06	-3.214938e-09	-5.179495e-09	-2.658573e+01	-6.017842e+02
1.600000e-06	-3.173081e-09	-5.155435e-09	-2.623959e+01	-5.985470e+02
1.610000e-06	-3.131073e-09	-5.129733e-09	-2.589220e+01	-5.952585e+02
1.620000e-06	-3.088915e-09	-5.100602e-09	-2.554358e+01	-5.919169e+02
1.630000e-06	-3.046607e-09	-5.069367e-09	-2.519372e+01	-5.885223e+02
1.640000e-06	-3.004157e-09	-5.036127e-09	-2.484269e+01	-5.850763e+02
1.650000e-06	-2.961573e-09	-5.003044e-09	-2.449054e+01	-5.815819e+02
1.660000e-06	-2.918858e-09	-4.971396e-09	-2.413731e+01	-5.780429e+02
1.670000e-06	-2.876017e-09	-4.940519e-09	-2.378304e+01	-5.744634e+02
1.680000e-06	-2.833059e-09	-4.910582e-09	-2.342780e+01	-5.708474e+02
1.690000e-06	-2.789984e-09	-4.880731e-09	-2.307160e+01	-5.671989e+02
1.700000e-06	-2.746794e-09	-4.850782e-09	-2.271444e+01	-5.635211e+02
1.710000e-06	-2.703498e-09	-4.817915e-09	-2.235641e+01	-5.598168e+02
1.720000e-06	-2.660095e-09	-4.781538e-09	-2.199748e+01	-5.560884e+02
1.730000e-06	-2.616582e-09	-4.746165e-09	-2.163766e+01	-5.523374e+02
1.740000e-06	-2.572963e-09	-4.713069e-09	-2.127695e+01	-5.485652e+02
1.750000e-06	-2.529237e-09	-4.678004e-09	-2.091537e+01	-5.447724e+02
1.760000e-06	-2.485404e-09	-4.640010e-09	-2.055289e+01	-5.409593e+02
1.770000e-06	-2.441456e-09	-4.603633e-09	-2.018946e+01	-5.371253e+02
1.780000e-06	-2.397392e-09	-4.571669e-09	-1.982508e+01	-5.332691e+02
1.790000e-06	-2.353212e-09	-4.542541e-09	-1.945974e+01	-5.293887e+02
1.800000e-06	-2.308913e-09	-4.510921e-09	-1.909341e+01	-5.254809e+02
1.810000e-06	-2.264494e-09	-4.474775e-09	-1.872610e+01	-5.215421e+02
1.820000e-06	-2.219959e-09	-4.437155e-09	-1.835782e+01	-5.175677e+02
1.830000e-06	-2.175310e-09	-4.399758e-09	-1.798859e+01	-5.135530e+02
1.840000e-06	-2.130553e-09	-4.362369e-09	-1.761847e+01	-5.094932e+02
1.850000e-06	-2.085691e-09	-4.323093e-09	-1.724750e+01	-5.053841e+02
1.860000e-06	-2.040733e-09	-4.284147e-09	-1.687572e+01	-5.012224e+02
1.870000e-06	-1.995689e-09	-4.248149e-09	-1.650323e+01	-4.970062e+02
1.880000e-06	-1.950562e-09	-4.215767e-09	-1.613005e+01	-4.927350e+02
1.890000e-06	-1.905363e-09	-4.182274e-09	-1.575628e+01	-4.884100e+02
1.900000e-06	-1.860093e-09	-4.142684e-09	-1.538193e+01	-4.840339e+02
1.910000e-06	-1.814747e-09	-4.100227e-09	-1.500694e+01	-4.796104e+02
1.920000e-06	-1.769335e-09	-4.060861e-09	-1.463141e+01	-4.751440e+02
1.930000e-06	-1.723860e-09	-4.024482e-09	-1.425536e+01	-4.706392e+02
1.940000e-06	-1.678315e-09	-3.986075e-09	-1.387872e+01	-4.661000e+02
1.950000e-06	-1.632691e-09	-3.945127e-09	-1.350144e+01	-4.615292e+02
1.960000e-06	-1.586994e-09	-3.903847e-09	-1.312355e+01	-4.569282e+02
1.970000e-06	-1.541224e-09	-3.864398e-09	-1.274506e+01	-4.522965e+02
1.980000e-06	-1.495377e-09	-3.826211e-09	-1.236593e+01	-4.476323e+02
1.990000e-06	-1.449452e-09	-3.787321e-09	-1.198616e+01	-4.429321e+02
2.000000e-06	-1.403448e-09	-3.747687e-09	-1.160574e+01	-4.381915e+02
2.010000e-06	-1.357370e-09	-3.710388e-09	-1.122470e+01	-4.334059e+02
2.020000e-06	-1.311227e-09	-3.672887e-09	-1.084312e+01	-4.285709e+02
2.030000e-06	-1.265016e-09	-3.630804e-09	-1.046098e+01	-4.236829e+02
2.040000e-06	-1.218735e-09	-3.585263e-09	-1.007826e+01	-4.187397e+02
2.050000e-06	-1.172389e-09	-3.537668e-09	-9.695004e+00	-4.137408e+02
2.060000e-06	-1.125983e-09	-3.490958e-09	-9.311257e+00	-4.086872e+02
2.070000e-06	-1.079526e-09	-3.446224e-09	-8.927083e+00	-4.035813e+02
2.080000e-06	-1.033022e-09	-3.403132e-09	-8.542522e+00	-3.984264e+02
2.090000e-06	-9.864781e-10	-3.362029e-09	-8.157630e+00	-3.932263e+02
2.100000e-06	-9.398982e-10	-3.321899e-09	-7.772441e+00	-3.879845e+02
2.110000e-06	-8.932892e-10	-3.280387e-09	-7.387012e+00	-3.827037e+02
2.120000e-06	-8.466538e-10	-3.236693e-09	-7.001364e+00	-3.773855e+02
2.130000e-06	-7.999929e-10	-3.192311e-09	-6.615504e+00	-3.720296e+02
2.140000e-06	-7.533045e-10	-3.145631e-09	-6.229418e+00	-3.666344e+02
2.150000e-06	-7.065863e-10	-3.097092e-09	-5.843085e+00	-3.611967e+02
2.160000e-06	-6.598438e-10	-3.047644e-09	-5.456552e+00	-3.557122e+02
2.170000e-06	-6.130770e-10	-2.996796e-09	-5.069817e+00	-3.501763e+02
2.180000e-06	-5.662803e-10	-2.946773e-09	-4.682834e+00	-3.445839e+02
2.190000e-06	-5.194561e-10	-2.897382e-09	-4.295626e+00	-3.389305e+02
2.200000e-06	-4.726072e-10	-2.848593e-09	-3.908212e+00	-3.332125e+02
2.210000e-06	-4.257319e-10	-2.800971e-09	-3.520580e+00	-3.274272e+02
2.220000e-06	-3.788294e-10	-2.753430e-09	-3.132723e+00	-3.215729e+02
2.230000e-06	-3.318994e-10	-2.703357e-09	-2.744639e+00	-3.156490e+02
2.240000e-06	-2.849460e-10	-2.650722e-09	-2.356361e+00	-3.096551e+02
2.250000e-06	-2.379796e-10	-2.596655e-09	-1.967975e+00	-3.035910e+02
2.260000e-06	-1.910051e-10	-2.541113e-09	-1.579522e+00	-2.974565e+02
2.270000e-06	-1.440216e-10	-2.485722e-09	-1.190995e+00	-2.912503e+02
2.280000e-06	-9.703184e-11	-2.431932e-09	-8.024170e-01	-2.849705e+02
2.290000e-06	-5.004143e-11	-2.378549e-09	-4.138330e-01	-2.786145e+02
2.300000e-06	-3.056612e-12	-2.323169e-09	-2.529533e-02	-2.721787e+02
2.310000e-06	4.392095e-11	-2.266573e-09	3.631824e-01	-2.656593e+02
2.320000e-06	9.088852e-11	-2.209036e-09	7.515774e-01	-2.590528e+02
2.330000e-06	1.378444e-10	-2.149869e-09	1.139876e+00	-2.523561e+02
2.340000e-06	1.847873e-10	-2.087976e-09	1.528067e+00	-2.455675e+02
2.350000e-06	2.317125e-10	-2.024347e-09	1.916112e+00	-2.386866e+02
2.360000e-06	2.786242e-10	-1.961824e-09	2.304045e+00	-2.317149e+02
2.370000e-06	3.255239e-10	-1.899174e-09	2.691878e+00	-2.246552e+02
2.380000e-06	3.724062e-10	-1.835152e-09	3.079568e+00	-2.175118e+02
2.390000e-06	4.192696e-10	-1.770009e-09	3.467102e+00	-2.102897e+02
2.400000e-06	4.661162e-10	-1.707657e-09	3.854497e+00	-2.029940e+02
2.410000e-06	5.129461e-10	-1.649039e-09	4.241753e+00	-1.956292e+02
2.420000e-06	5.597596e-10	-1.588190e-09	4.628874e+00	-1.881983e+02
2.430000e-06	6.065580e-10	-1.520692e-09	5.015870e+00	-1.807030e+02
2.440000e-06	6.533366e-10	-1.448828e-09	5.402703e+00	-1.731424e+02
2.450000e-06	7.000917e-10	-1.377314e-09	5.789341e+00	-1.655139e+02
2.460000e-06	7.468177e-10	-1.307786e-09	6.175738e+00	-1.578126e+02
2.470000e-06	7.935088e-10	-1.238972e-09	6.561846e+00	-1.500328e+02
2.480000e-06	8.401670e-10	-1.167822e-09	6.947684e+00	-1.421678e+02
2.490000e-06	8.867926e-10	-1.097102e-09	7.333250e+00	-1.342112e+02
2.500000e-06	9.333800e-10	-1.030142e-09	7.718502e+00	-1.261577e+02
2.510000e-06	9.799202e-10	-9.625959e-10	8.103363e+00	-1.180035e+02
2.520000e-06	1.026407e-09	-8.896522e-10	8.487779e+00	-1.097471e+02
2.530000e-06	1.072838e-09	-8.148482e-10	8.871739e+00	-1.013893e+02
2.540000e-06	1.119210e-09	-7.431704e-10	9.255211e+00	-9.293335e+01
2.550000e-06	1.165522e-09	-6.714708e-10	9.638186e+00	-8.438471e+01
2.560000e-06	1.211769e-09	-5.956281e-10	1.002062e+01	-7.575023e+01
2.570000e-06	1.257948e-09	-5.173631e-10	1.040249e+01	-6.703777e+01
2.580000e-06	1.304064e-09	-4.425638e-10	1.078385e+01	-5.825542e+01
2.590000e-06	1.350121e-09	-3.709282e-10	1.116471e+01	-4.941086e+01
2.600000e-06	1.396119e-09	-2.989293e-10	1.154509e+01	-4.051088e+01
2.610000e-06	1.442055e-09	-2.242267e-10	1.192495e+01	-3.156099e+01
2.620000e-06	1.487929e-09	-1.467461e-10	1.230430e+01	-2.256540e+01
2.630000e-06	1.533739e-09	-6.939276e-11	1.268312e+01	-1.352705e+01
2.640000e-06	1.579483e-09	8.847654e-12	1.306140e+01	-4.447906e+00
2.650000e-06	1.625153e-09	8.699129e-11	1.343907e+01	4.670664e+00
2.660000e-06	1.670749e-09	1.659651e-10	1.381612e+01	1.382746e+01
2.670000e-06	1.716275e-09	2.455269e-10	1.419259e+01	2.302105e+01
2.680000e-06	1.761724e-09	3.227770e-10	1.456843e+01	3.224951e+01
2.690000e-06	1.807090e-09	4.000478e-10	1.494358e+01	4.151021e+01
2.700000e-06	1.852371e-09	4.768959e-10	1.531803e+01	5.079984e+01
2.710000e-06	1.897571e-09	5.548508e-10	1.569181e+01	6.011449e+01
2.720000e-06	1.942688e-09	6.344756e-10	1.606490e+01	6.944993e+01
2.730000e-06	1.987715e-09	7.118727e-10	1.643725e+01	7.880184e+01
2.740000e-06	2.032653e-09	7.876498e-10	1.680886e+01	8.816608e+01
2.750000e-06	2.077495e-09	8.662258e-10	1.717968e+01	9.753893e+01
2.760000e-06	2.122231e-09	9.472331e-10	1.754962e+01	1.069171e+02
2.770000e-06	2.166861e-09	1.026926e-09	1.791868e+01	1.162979e+02
2.780000e-06	2.211384e-09	1.105852e-09	1.828687e+01	1.256788e+02
2.790000e-06	2.255803e-09	1.184920e-09	1.865419e+01	1.350572e+02
2.800000e-06	2.300117e-09	1.266391e-09	1.902063e+01	1.444306e+02
2.810000e-06	2.344324e-09	1.348296e-09	1.938621e+01	1.537957e+02
2.820000e-06	2.388426e-09	1.426288e-09	1.975090e+01	1.631482e+02
2.830000e-06	2.432423e-09	1.502420e-09	2.011473e+01	1.724833e+02
2.840000e-06	2.476318e-09	1.579414e-09	2.047772e+01	1.817950e+02
2.850000e-06	2.520103e-09	1.658596e-09	2.083980e+01	1.910765e+02
2.860000e-06	2.563779e-09	1.738148e-09	2.120097e+01	2.003209e+02
2.870000e-06	2.607350e-09	1.815491e-09	2.156128e+01	2.095210e+02
2.880000e-06	2.650813e-09	1.890921e-09	2.192069e+01	2.186703e+02
2.890000e-06	2.694163e-09	1.966826e-09	2.227918e+01	2.277631e+02
2.900000e-06	2.737399e-09	2.044072e-09	2.263671e+01	2.367949e+02
2.910000e-06	2.780510e-09	2.119583e-09	2.299321e+01	2.457631e+02
2.920000e-06	2.823488e-09	2.194496e-09	2.334862e+01	2.546662e+02
2.930000e-06	2.866333e-09	2.272631e-09	2.370293e+01	2.635044e+02
2.940000e-06	2.909043e-09	2.349554e-09	2.405611e+01	2.722791e+02
2.950000e-06	2.951611e-09	2.425548e-09	2.440812e+01	2.809919e+02
2.960000e-06	2.994034e-09	2.499230e-09	2.475894e+01	2.896452e+02
2.970000e-06	3.036315e-09	2.572648e-09	2.510858e+01	2.982404e+02
2.980000e-06	3.078456e-09	2.649458e-09	2.545706e+01	3.067785e+02
2.990000e-06	3.120457e-09	2.726041e-09	2.580438e+01	3.152589e+02
3.000000e-06	3.162319e-09	2.802199e-09	2.615056e+01	3.236801e+02
3.010000e-06	3.204041e-09	2.873765e-09	2.649558e+01	3.320387e+02
3.020000e-06	3.245619e-09	2.942414e-09	2.683940e+01	3.403306e+02
3.030000e-06	3.287037e-09	3.009386e-09	2.718191e+01	3.485505e+02
3.040000e-06	3.328296e-09	3.075116e-09	2.752309e+01	3.566929e+02
3.050000e-06	3.369401e-09	3.144048e-09	2.786301e+01	3.647520e+02
3.060000e-06	3.410342e-09	3.214911e-09	2.820157e+01	3.727230e+02
3.070000e-06	3.451119e-09	3.288905e-09	2.853877e+01	3.806016e+02
3.080000e-06	3.491735e-09	3.362658e-09	2.887464e+01	3.883846e+02
3.090000e-06	3.532183e-09	3.433417e-09	2.920912e+01	3.960704e+02
3.100000e-06	3.572469e-09	3.500780e-09	2.954226e+01	4.036583e+02
3.110000e-06	3.612591e-09	3.561127e-09	2.987405e+01	4.111489e+02
3.120000e-06	3.652540e-09	3.619467e-09	3.020441e+01	4.185436e+02
3.130000e-06	3.692304e-09	3.678937e-09	3.053323e+01	4.258445e+02
3.140000e-06	3.731883e-09	3.743353e-09	3.086052e+01	4.330538e+02
3.150000e-06	3.771281e-09	3.810664e-09	3.118633e+01	4.401738e+02
3.160000e-06	3.810501e-09	3.877205e-09	3.151065e+01	4.472068e+02
3.170000e-06	3.849543e-09	3.940803e-09	3.183350e+01	4.541544e+02
3.180000e-06	3.888407e-09	4.000243e-09	3.215489e+01	4.610179e+02
3.190000e-06	3.927100e-09	4.056818e-09	3.247486e+01	4.677981e+02
3.200000e-06	3.965618e-09	4.107594e-09	3.279338e+01	4.744955e+02
3.210000e-06	4.003959e-09	4.158622e-09	3.311044e+01	4.811099e+02
3.220000e-06	4.042117e-09	4.212382e-09	3.342598e+01	4.876409e+02
3.230000e-06	4.080085e-09	4.270607e-09	3.373996e+01	4.940878e+02
3.240000e-06	4.117865e-09	4.329455e-09	3.405237e+01	5.004496e+02
3.250000e-06	4.155460e-09	4.384347e-09	3.436327e+01	5.067248e+02
3.260000e-06	4.192872e-09	4.440256e-09	3.467264e+01	5.129120e+02
3.270000e-06	4.230096e-09	4.496868e-09	3.498046e+01	5.190091e+02
3.280000e-06	4.267136e-09	4.553432e-09	3.528676e+01	5.250141e+02
3.290000e-06	4.303987e-09	4.602562e-09	3.559150e+01	5.309248e+02
3.300000e-06	4.340628e-09	4.645971e-09	3.589450e+01	5.367389e+02
3.310000e-06	4.377043e-09	4.690357e-09	3.619563e+01	5.424543e+02
3.320000e-06	4.413237e-09	4.733856e-09	3.649493e+01	5.480692e+02
3.330000e-06	4.449215e-09	4.776672e-09	3.679245e+01	5.535825e+02
3.340000e-06	4.484982e-09	4.818459e-09	3.708822e+01	5.589937e+02
3.350000e-06	4.520535e-09	4.863008e-09	3.738223e+01	5.643031e+02
3.360000e-06	4.555876e-09	4.911260e-09	3.767447e+01	5.695122e+02
3.370000e-06	4.590998e-09	4.961259e-09	3.796492e+01	5.746231e+02
3.380000e-06	4.625899e-09	5.008570e-09	3.825353e+01	5.796390e+02
3.390000e-06	4.660577e-09	5.049588e-09	3.854030e+01	5.845634e+02
3.400000e-06	4.695041e-09	5.088274e-09	3.882529e+01	5.894003e+02
3.410000e-06	4.729294e-09	5.123610e-09	3.910854e+01	5.941541e+02
3.420000e-06	4.763329e-09	5.156336e-09	3.938999e+01	5.988284e+02
3.430000e-06	4.797152e-09	5.191238e-09	3.966969e+01	6.034269e+02
3.440000e-06	4.830763e-09	5.229990e-09	3.994764e+01	6.079525e+02
3.450000e-06	4.864149e-09	5.272741e-09	4.022372e+01	6.124072e+02
3.460000e-06	4.897308e-09	5.316004e-09	4.049793e+01	6.167927e+02
3.470000e-06	4.930244e-09	5.355795e-09	4.077029e+01	6.211099e+02
3.480000e-06	4.962959e-09	5.389382e-09	4.104082e+01	6.253592e+02
3.490000e-06	4.995452e-09	5.417469e-09	4.130952e+01	6.295409e+02
3.500000e-06	5.027725e-09	5.444453e-09	4.157640e+01	6.336554e+02
3.510000e-06	5.059775e-09	5.473272e-09	4.184143e+01	6.377032e+02
3.520000e-06	5.091594e-09	5.504324e-09	4.210456e+01	6.416854e+02
3.530000e-06	5.123177e-09	5.538769e-09	4.236573e+01	6.456032e+02
3.540000e-06	5.154515e-09	5.576724e-09	4.262489e+01	6.494587e+02
3.550000e-06	5.185606e-09	5.615308e-09	4.288198e+01	6.532544e+02
3.560000e-06	5.216449e-09	5.652134e-09	4.313704e+01	6.569928e+02
3.570000e-06	5.247043e-09	5.683545e-09	4.339004e+01	6.606768e+02
3.580000e-06	5.277390e-09	5.710205e-09	4.364099e+01	6.643094e+02
3.590000e-06	5.307486e-09	5.736610e-09	4.388987e+01	6.678930e+02
3.600000e-06	5.337335e-09	5.765177e-09	4.413670e+01	6.714301e+02
3.610000e-06	5.366939e-09	5.794598e-09	4.438151e+01	6.749224e+02
3.620000e-06	5.396301e-09	5.822530e-09	4.462432e+01	6.783711e+02
3.630000e-06	5.425420e-09	5.852414e-09	4.486511e+01	6.817769e+02
3.640000e-06	5.454291e-09	5.883567e-09	4.510386e+01	6.851400e+02
3.650000e-06	5.482908e-09	5.913553e-09	4.534050e+01	6.884598e+02
3.660000e-06	5.511261e-09	5.941888e-09	4.557496e+01	6.917357e+02
3.670000e-06	5.539341e-09	5.969041e-09	4.580717e+01	6.949663e+02
3.680000e-06	5.567158e-09	5.998589e-09	4.603720e+01	6.981501e+02
3.690000e-06	5.594714e-09	6.027777e-09	4.626508e+01	7.012853e+02
3.700000e-06	5.622002e-09	6.054272e-09	4.649073e+01	7.043700e+02
3.710000e-06	5.649022e-09	6.078219e-09	4.671417e+01	7.074022e+02
3.720000e-06	5.675789e-09	6.101254e-09	4.693552e+01	7.103802e+02
3.730000e-06	5.702297e-09	6.126186e-09	4.715472e+01	7.133026e+02
3.740000e-06	5.728536e-09	6.153012e-09	4.737171e+01	7.161682e+02
3.750000e-06	5.754519e-09	6.179956e-09	4.758657e+01	7.189768e+02
3.760000e-06	5.780236e-09	6.204430e-09	4.779924e+01	7.217288e+02
3.770000e-06	5.805686e-09	6.229144e-09	4.800970e+01	7.244256e+02
3.780000e-06	5.830884e-09	6.254676e-09	4.821807e+01	7.270697e+02
3.790000e-06	5.855820e-09	6.278428e-09	4.842428e+01	7.296642e+02
3.800000e-06	5.880481e-09	6.296841e-09	4.862821e+01	7.322132e+02
3.810000e-06	5.904874e-09	6.311973e-09	4.882993e+01	7.347211e+02
3.820000e-06	5.928995e-09	6.330144e-09	4.902939e+01	7.371925e+02
3.830000e-06	5.952833e-09	6.351174e-09	4.922651e+01	7.396316e+02
3.840000e-06	5.976386e-09	6.372088e-09	4.942129e+01	7.420419e+02
3.850000e-06	5.999640e-09	6.390620e-09	4.961358e+01	7.444256e+02
3.860000e-06	6.022596e-09	6.411683e-09	4.980342e+01	7.467837e+02
3.870000e-06	6.045259e-09	6.435379e-09	4.999083e+01	7.491158e+02
3.880000e-06	6.067632e-09	6.456763e-09	5.017584e+01	7.514196e+02
3.890000e-06	6.089743e-09	6.474144e-09	5.035869e+01	7.536919e+02
3.900000e-06	6.111603e-09	6.487078e-09	5.053946e+01	7.559287e+02
3.910000e-06	6.133189e-09	6.500547e-09	5.071796e+01	7.581254e+02
3.920000e-06	6.154488e-09	6.516362e-09	5.089409e+01	7.602780e+02
3.930000e-06	6.175498e-09	6.534351e-09	5.106783e+01	7.623833e+02
3.940000e-06	6.196213e-09	6.551943e-09	5.123913e+01	7.644392e+02
3.950000e-06	6.216644e-09	6.566450e-09	5.140809e+01	7.664454e+02
3.960000e-06	6.236793e-09	6.579539e-09	5.157471e+01	7.684033e+02
3.970000e-06	6.256644e-09	6.593930e-09	5.173886e+01	7.703160e+02
3.980000e-06	6.276197e-09	6.609636e-09	5.190055e+01	7.721874e+02
3.990000e-06	6.295441e-09	6.622351e-09	5.205969e+01	7.740224e+02
4.000000e-06	6.314393e-09	6.633379e-09	5.221641e+01	7.758258e+02
4.010000e-06	6.333086e-09	6.647277e-09	5.237100e+01	7.776016e+02
4.020000e-06	6.351505e-09	6.663766e-09	5.252330e+01	7.793526e+02
4.030000e-06	6.369629e-09	6.677985e-09	5.267319e+01	7.810797e+02
4.040000e-06	6.387456e-09	6.688059e-09	5.282060e+01	7.827822e+02
4.050000e-06	6.404981e-09	6.698696e-09	5.296553e+01	7.844571e+02
4.060000e-06	6.422229e-09	6.713629e-09	5.310816e+01	7.861003e+02
4.070000e-06	6.439212e-09	6.728228e-09	5.324860e+01	7.877064e+02
4.080000e-06	6.455913e-09	6.736561e-09	5.338670e+01	7.892700e+02
4.090000e-06	6.472320e-09	6.742577e-09	5.352238e+01	7.907858e+02
4.100000e-06	6.488420e-09	6.751294e-09	5.365552e+01	7.922499e+02
4.110000e-06	6.504218e-09	6.763113e-09	5.378616e+01	7.936601e+02
4.120000e-06	6.519726e-09	6.774208e-09	5.391440e+01	7.950159e+02
4.130000e-06	6.534923e-09	6.782333e-09	5.404008e+01	7.963191e+02
4.140000e-06	6.549793e-09	6.792618e-09	5.416304e+01	7.975730e+02
4.150000e-06	6.564333e-09	6.803645e-09	5.428328e+01	7.987821e+02
4.160000e-06	6.578561e-09	6.814464e-09	5.440094e+01	7.999517e+02
4.170000e-06	6.592504e-09	6.823372e-09	5.451623e+01	8.010867e+02
4.180000e-06	6.606161e-09	6.828861e-09	5.462917e+01	8.021914e+02
4.190000e-06	6.619504e-09	6.835532e-09	5.473951e+01	8.032687e+02
4.200000e-06	6.632518e-09	6.845149e-09	5.484713e+01	8.043201e+02
4.210000e-06	6.645229e-09	6.856192e-09	5.495224e+01	8.053453e+02
4.220000e-06	6.657662e-09	6.864390e-09	5.505505e+01	8.063430e+02
4.230000e-06	6.669824e-09	6.872130e-09	5.515563e+01	8.073106e+02
4.240000e-06	6.681696e-09	6.880859e-09	5.525380e+01	8.082457e+02
4.250000e-06	6.693239e-09	6.888964e-09	5.534926e+01	8.091460e+02
4.260000e-06	6.704455e-09	6.897098e-09	5.544201e+01	8.100101e+02
4.270000e-06	6.715362e-09	6.905255e-09	5.553220e+01	8.108380e+02
4.280000e-06	6.725941e-09	6.913744e-09	5.561968e+01	8.116313e+02
4.290000e-06	6.736155e-09	6.920451e-09	5.570414e+01	8.123926e+02
4.300000e-06	6.746003e-09	6.927315e-09	5.578559e+01	8.131257e+02
4.310000e-06	6.755530e-09	6.934575e-09	5.586437e+01	8.138348e+02
4.320000e-06	6.764772e-09	6.940281e-09	5.594079e+01	8.145235e+02
4.330000e-06	6.773739e-09	6.946528e-09	5.601494e+01	8.151950e+02
4.340000e-06	6.782399e-09	6.954281e-09	5.608656e+01	8.158508e+02
4.350000e-06	6.790716e-09	6.963072e-09	5.615534e+01	8.164909e+02
4.360000e-06	6.798722e-09	6.969823e-09	5.622154e+01	8.171138e+02
4.370000e-06	6.806438e-09	6.975387e-09	5.628535e+01	8.177167e+02
4.380000e-06	6.813868e-09	6.980977e-09	5.634679e+01	8.182960e+02
4.390000e-06	6.821002e-09	6.986185e-09	5.640579e+01	8.188485e+02
4.400000e-06	6.827792e-09	6.990125e-09	5.646193e+01	8.193715e+02
4.410000e-06	6.834255e-09	6.991412e-09	5.651538e+01	8.198640e+02
4.420000e-06	6.840427e-09	6.995777e-09	5.656642e+01	8.203269e+02
4.430000e-06	6.846309e-09	7.004031e-09	5.661506e+01	8.207633e+02
4.440000e-06	6.851899e-09	7.010323e-09	5.666129e+01	8.211778e+02
4.450000e-06	6.857140e-09	7.014151e-09	5.670463e+01	8.215765e+02
4.460000e-06	6.862026e-09	7.017426e-09	5.674503e+01	8.219654e+02
4.470000e-06	6.866611e-09	7.022499e-09	5.678294e+01	8.223500e+02
4.480000e-06	6.870913e-09	7.028222e-09	5.681852e+01	8.227339e+02
4.490000e-06	6.874945e-09	7.033293e-09	5.685186e+01	8.231179e+02
4.500000e-06	6.878669e-09	7.036746e-09	5.688265e+01	8.234999e+02
4.510000e-06	6.882058e-09	7.039181e-09	5.691068e+01	8.238743e+02
4.520000e-06	6.885126e-09	7.043378e-09	5.693605e+01	8.242330e+02
4.530000e-06	6.887868e-09	7.045758e-09	5.695873e+01	8.245662e+02
4.540000e-06	6.890273e-09	7.043348e-09	5.697862e+01	8.248637e+02
4.550000e-06	6.892307e-09	7.039498e-09	5.699543e+01	8.251163e+02
4.560000e-06	6.893997e-09	7.039710e-09	5.700941e+01	8.253175e+02
4.570000e-06	6.895389e-09	7.043479e-09	5.702093e+01	8.254646e+02
4.580000e-06	6.896484e-09	7.047989e-09	5.702998e+01	8.255595e+02
4.590000e-06	6.897288e-09	7.052014e-09	5.703663e+01	8.256088e+02
4.600000e-06	6.897754e-09	7.055158e-09	5.704048e+01	8.256231e+02
4.610000e-06	6.897877e-09	7.056871e-09	5.704150e+01	8.256157e+02
4.620000e-06	6.897708e-09	7.056180e-09	5.704010e+01	8.256010e+02
4.630000e-06	6.897252e-09	7.053764e-09	5.703633e+01	8.255924e+02
4.640000e-06	6.896532e-09	7.051024e-09	5.703037e+01	8.256000e+02
4.650000e-06	6.895503e-09	7.049360e-09	5.702187e+01	8.256289e+02
4.660000e-06	6.894137e-09	7.048649e-09	5.701057e+01	8.256779e+02
4.670000e-06	6.892486e-09	7.045666e-09	5.699692e+01	8.257394e+02
4.680000e-06	6.890565e-09	7.045856e-09	5.698103e+01	8.257992e+02
4.690000e-06	6.888365e-09	7.056878e-09	5.696284e+01	8.258387e+02
4.700000e-06	6.885877e-09	7.043006e-09	5.694226e+01	8.258367e+02
4.710000e-06	6.883029e-09	7.015386e-09	5.691871e+01	8.257720e+02
4.720000e-06	6.879649e-09	7.015115e-09	5.689076e+01	8.256267e+02
4.730000e-06	6.875568e-09	7.062736e-09	5.685702e+01	8.253886e+02
4.740000e-06	6.871008e-09	7.090883e-09	5.681931e+01	8.250538e+02
4.750000e-06	6.866495e-09	7.033860e-09	5.678199e+01	8.246273e+02
4.760000e-06	6.862087e-09	7.003833e-09	5.674554e+01	8.241238e+02
4.770000e-06	6.857208e-09	7.078143e-09	5.670519e+01	8.235661e+02
4.780000e-06	6.851708e-09	7.055412e-09	5.665971e+01	8.229834e+02
4.790000e-06	6.846107e-09	6.945121e-09	5.661339e+01	8.224081e+02
4.800000e-06	6.840428e-09	6.978417e-09	5.656643e+01	8.218721e+02
4.810000e-06	6.834165e-09	7.013035e-09	5.651464e+01	8.214036e+02
4.820000e-06	6.827422e-09	6.920907e-09	5.645888e+01	8.210232e+02
4.830000e-06	6.820611e-09	6.906273e-09	5.640256e+01	8.207418e+02
4.840000e-06	6.813537e-09	7.015783e-09	5.634406e+01	8.205594e+02
4.850000e-06	6.806032e-09	7.005454e-09	5.628199e+01	8.204643e+02
4.860000e-06	6.798331e-09	6.925681e-09	5.621831e+01	8.204352e+02
4.870000e-06	6.790384e-09	6.999476e-09	5.615260e+01	8.204429e+02
4.880000e-06	6.781969e-09	7.029975e-09	5.608301e+01	8.204540e+02
4.890000e-06	6.773343e-09	6.946987e-09	5.601168e+01	8.204343e+02
4.900000e-06	6.764598e-09	6.984823e-09	5.593936e+01	8.203532e+02
4.910000e-06	6.755368e-09	7.027983e-09	5.586303e+01	8.201861e+02
4.920000e-06	6.745717e-09	6.951028e-09	5.578322e+01	8.199176e+02
4.930000e-06	6.735935e-09	6.964701e-09	5.570233e+01	8.195425e+02
4.940000e-06	6.725821e-09	7.024993e-09	5.561870e+01	8.190659e+02
4.950000e-06	6.715162e-09	6.954795e-09	5.553056e+01	8.185017e+02
4.960000e-06	6.704114e-09	6.948058e-09	5.543919e+01	8.178707e+02
4.970000e-06	6.692745e-09	6.998342e-09	5.534518e+01	8.171974e+02
4.980000e-06	6.681082e-09	6.950308e-09	5.524873e+01	8.165070e+02
4.990000e-06	6.669174e-09	6.940913e-09	5.515026e+01	8.158216e+02
5.000000e-06	6.656888e-09	6.972216e-09	5.504866e+01	8.151582e+02
5.010000e-06	6.644231e-09	6.936733e-09	5.494399e+01	8.145266e+02
5.020000e-06	6.631323e-09	6.942027e-09	5.483726e+01	8.139287e+02
5.030000e-06	6.618131e-09	6.974876e-09	5.472816e+01	8.133592e+02
5.040000e-06	6.604625e-09	6.932345e-09	5.461648e+01	8.128062e+02
5.050000e-06	6.590838e-09	6.917726e-09	5.450246e+01	8.122543e+02
5.060000e-06	6.576728e-09	6.935267e-09	5.438578e+01	8.116863e+02
5.070000e-06	6.562342e-09	6.912991e-09	5.426682e+01	8.110864e+02
5.080000e-06	6.547724e-09	6.907946e-09	5.414594e+01	8.104417e+02
5.090000e-06	6.532751e-09	6.913046e-09	5.402212e+01	8.097448e+02
5.100000e-06	6.517423e-09	6.909004e-09	5.389537e+01	8.089936e+02
5.110000e-06	6.501788e-09	6.916776e-09	5.376607e+01	8.081921e+02
5.120000e-06	6.485829e-09	6.914349e-09	5.363411e+01	8.073485e+02
5.130000e-06	6.469573e-09	6.901166e-09	5.349968e+01	8.064747e+02
5.140000e-06	6.453026e-09	6.888358e-09	5.336284e+01	8.055832e+02
5.150000e-06	6.436149e-09	6.878787e-09	5.322328e+01	8.046859e+02
5.160000e-06	6.418945e-09	6.879340e-09	5.308101e+01	8.037919e+02
5.170000e-06	6.401423e-09	6.872990e-09	5.293612e+01	8.029062e+02
5.180000e-06	6.383583e-09	6.860328e-09	5.278859e+01	8.020293e+02
5.190000e-06	6.365442e-09	6.860535e-09	5.263858e+01	8.011570e+02
5.200000e-06	6.346997e-09	6.855125e-09	5.248605e+01	8.002817e+02
5.210000e-06	6.328273e-09	6.845978e-09	5.233121e+01	7.993933e+02
5.220000e-06	6.309273e-09	6.834423e-09	5.217409e+01	7.984813e+02
5.230000e-06	6.289972e-09	6.817703e-09	5.201448e+01	7.975361e+02
5.240000e-06	6.270390e-09	6.815276e-09	5.185255e+01	7.965511e+02
5.250000e-06	6.250531e-09	6.807211e-09	5.168833e+01	7.955232e+02
5.260000e-06	6.230410e-09	6.794196e-09	5.152193e+01	7.944534e+02
5.270000e-06	6.210020e-09	6.790723e-09	5.135332e+01	7.933466e+02
5.280000e-06	6.189338e-09	6.780269e-09	5.118229e+01	7.922107e+02
5.290000e-06	6.168378e-09	6.768352e-09	5.100897e+01	7.910555e+02
5.300000e-06	6.147184e-09	6.759892e-09	5.083371e+01	7.898906e+02
5.310000e-06	6.125751e-09	6.745144e-09	5.065647e+01	7.887244e+02
5.320000e-06	6.104019e-09	6.734067e-09	5.047675e+01	7.875625e+02
5.330000e-06	6.081971e-09	6.726455e-09	5.029443e+01	7.864070e+02
5.340000e-06	6.059629e-09	6.713306e-09	5.010968e+01	7.852561e+02
5.350000e-06	6.036999e-09	6.699774e-09	4.992254e+01	7.841044e+02
5.360000e-06	6.014048e-09	6.683752e-09	4.973275e+01	7.829441e+02
5.370000e-06	5.990755e-09	6.669142e-09	4.954013e+01	7.817662e+02
5.380000e-06	5.967117e-09	6.657931e-09	4.934466e+01	7.805616e+02
5.390000e-06	5.943173e-09	6.647121e-09	4.914666e+01	7.793230e+02
5.400000e-06	5.918961e-09	6.639129e-09	4.894644e+01	7.780462e+02
5.410000e-06	5.894464e-09	6.630367e-09	4.874386e+01	7.767302e+02
5.420000e-06	5.869680e-09	6.622355e-09	4.853891e+01	7.753779e+02
5.430000e-06	5.844627e-09	6.611584e-09	4.833173e+01	7.739956e+02
5.440000e-06	5.819335e-09	6.593996e-09	4.812259e+01	7.725918e+02
5.450000e-06	5.793796e-09	6.577765e-09	4.791139e+01	7.711758e+02
5.460000e-06	5.767986e-09	6.564196e-09	4.769796e+01	7.697568e+02
5.470000e-06	5.741926e-09	6.552518e-09	4.748246e+01	7.683418e+02
5.480000e-06	5.715626e-09	6.539423e-09	4.726497e+01	7.669348e+02
5.490000e-06	5.689087e-09	6.523123e-09	4.704551e+01	7.655360e+02
5.500000e-06	5.662302e-09	6.511704e-09	4.682402e+01	7.641418e+02
5.510000e-06	5.635263e-09	6.505708e-09	4.660042e+01	7.627453e+02
5.520000e-06	5.607956e-09	6.499276e-09	4.637461e+01	7.613370e+02
5.530000e-06	5.580381e-09	6.489943e-09	4.614658e+01	7.599065e+02
5.540000e-06	5.552527e-09	6.478718e-09	4.591624e+01	7.584437e+02
5.550000e-06	5.524382e-09	6.468315e-09	4.568349e+01	7.569405e+02
5.560000e-06	5.495951e-09	6.454478e-09	4.544839e+01	7.553918e+02
5.570000e-06	5.467243e-09	6.435823e-09	4.521099e+01	7.537961e+02
5.580000e-06	5.438267e-09	6.418198e-09	4.497137e+01	7.521557e+02
5.590000e-06	5.409026e-09	6.405984e-09	4.472956e+01	7.504766e+02
5.600000e-06	5.379522e-09	6.399446e-09	4.448559e+01	7.487670e+02
5.610000e-06	5.349758e-09	6.391857e-09	4.423945e+01	7.470367e+02
5.620000e-06	5.319746e-09	6.380389e-09	4.399128e+01	7.452950e+02
5.630000e-06	5.289497e-09	6.365112e-09	4.374113e+01	7.435499e+02
5.640000e-06	5.259003e-09	6.348557e-09	4.348896e+01	7.418065e+02
5.650000e-06	5.228261e-09	6.330896e-09	4.323475e+01	7.400668e+02
5.660000e-06	5.197283e-09	6.309878e-09	4.297857e+01	7.383291e+02
5.670000e-06	5.166085e-09	6.290706e-09	4.272058e+01	7.365883e+02
5.680000e-06	5.134664e-09	6.276907e-09	4.246075e+01	7.348370e+02
5.690000e-06	5.103014e-09	6.270921e-09	4.219903e+01	7.330663e+02
5.700000e-06	5.071138e-09	6.268316e-09	4.193543e+01	7.312674e+02
5.710000e-06	5.039042e-09	6.261334e-09	4.167001e+01	7.294324e+02
5.720000e-06	5.006726e-09	6.248569e-09	4.140278e+01	7.275557e+02
5.730000e-06	4.974173e-09	6.231066e-09	4.113358e+01	7.256344e+02
5.740000e-06	4.941380e-09	6.210326e-09	4.086240e+01	7.236686e+02
5.750000e-06	4.908356e-09	6.186286e-09	4.058932e+01	7.216609e+02
5.760000e-06	4.875118e-09	6.163393e-09	4.031446e+01	7.196159e+02
5.770000e-06	4.841655e-09	6.145836e-09	4.003773e+01	7.175394e+02
5.780000e-06	4.807944e-09	6.134673e-09	3.975896e+01	7.154367e+02
5.790000e-06	4.773990e-09	6.124507e-09	3.947818e+01	7.133122e+02
5.800000e-06	4.739811e-09	6.112651e-09	3.919554e+01	7.111682e+02
5.810000e-06	4.705421e-09	6.094084e-09	3.891116e+01	7.090046e+02
5.820000e-06	4.670806e-09	6.071012e-09	3.862491e+01	7.068190e+02
5.830000e-06	4.635959e-09	6.050525e-09	3.833675e+01	7.046066e+02
5.840000e-06	4.600898e-09	6.027522e-09	3.804682e+01	7.023615e+02
5.850000e-06	4.565638e-09	6.005997e-09	3.775523e+01	7.000775e+02
5.860000e-06	4.530167e-09	5.985368e-09	3.746191e+01	6.977489e+02
5.870000e-06	4.494465e-09	5.968840e-09	3.716667e+01	6.953720e+02
5.880000e-06	4.458541e-09	5.956444e-09	3.686960e+01	6.929453e+02
5.890000e-06	4.422415e-09	5.940000e-09	3.657087e+01	6.904701e+02
5.900000e-06	4.386101e-09	5.918656e-09	3.627057e+01	6.879504e+02
5.910000e-06	4.349588e-09	5.889038e-09	3.596863e+01	6.853927e+02
5.920000e-06	4.312867e-09	5.859547e-09	3.566497e+01	6.828045e+02
5.930000e-06	4.275946e-09	5.831849e-09	3.535965e+01	6.801939e+02
5.940000e-06	4.238828e-09	5.805672e-09	3.505271e+01	6.775684e+02
5.950000e-06	4.201509e-09	5.784300e-09	3.474410e+01	6.749335e+02
5.960000e-06	4.163983e-09	5.763406e-09	3.443378e+01	6.722922e+02
5.970000e-06	4.126253e-09	5.744283e-09	3.412177e+01	6.696449e+02
5.980000e-06	4.088326e-09	5.720609e-09	3.380814e+01	6.669887e+02
5.990000e-06	4.050217e-09	5.692727e-09	3.349300e+01	6.643185e+02
6.000000e-06	4.011923e-09	5.663963e-09	3.317633e+01	6.616276e+02
6.010000e-06	3.973425e-09	5.636002e-09	3.285798e+01	6.589083e+02
6.020000e-06	3.934730e-09	5.612266e-09	3.253799e+01	6.561538e+02
6.030000e-06	3.895846e-09	5.590384e-09	3.221644e+01	6.533585e+02
6.040000e-06	3.856781e-09	5.570689e-09	3.189339e+01	6.505190e+02
6.050000e-06	3.817537e-09	5.547797e-09	3.156887e+01	6.476351e+02
6.060000e-06	3.778123e-09	5.521169e-09	3.124294e+01	6.447089e+02
6.070000e-06	3.738555e-09	5.491097e-09	3.091574e+01	6.417455e+02
6.080000e-06	3.698840e-09	5.458811e-09	3.058732e+01	6.387514e+02
6.090000e-06	3.658965e-09	5.428999e-09	3.025757e+01	6.357344e+02
6.100000e-06	3.618912e-09	5.400558e-09	2.992635e+01	6.327021e+02
6.110000e-06	3.578684e-09	5.373732e-09	2.959369e+01	6.296608e+02
6.120000e-06	3.538293e-09	5.347268e-09	2.925968e+01	6.266150e+02
6.130000e-06	3.497745e-09	5.320526e-09	2.892438e+01	6.235668e+02
6.140000e-06	3.457032e-09	5.292968e-09	2.858771e+01	6.205154e+02
6.150000e-06	3.416151e-09	5.263186e-09	2.824964e+01	6.174573e+02
6.160000e-06	3.375115e-09	5.233599e-09	2.791030e+01	6.143868e+02
6.170000e-06	3.333931e-09	5.208429e-09	2.756972e+01	6.112967e+02
6.180000e-06	3.292585e-09	5.184873e-09	2.722782e+01	6.081790e+02
6.190000e-06	3.251064e-09	5.161512e-09	2.688447e+01	6.050258e+02
6.200000e-06	3.209373e-09	5.136192e-09	2.653970e+01	6.018303e+02
6.210000e-06	3.167523e-09	5.108528e-09	2.619363e+01	5.985868e+02
6.220000e-06	3.125521e-09	5.080263e-09	2.584630e+01	5.952917e+02
6.230000e-06	3.083358e-09	5.048725e-09	2.549764e+01	5.919434e+02
6.240000e-06	3.041038e-09	5.016272e-09	2.514767e+01	5.885423e+02
6.250000e-06	2.998578e-09	4.986086e-09	2.479655e+01	5.850900e+02
6.260000e-06	2.955994e-09	4.959041e-09	2.444441e+01	5.815899e+02
6.270000e-06	2.913288e-09	4.930189e-09	2.409125e+01	5.780455e+02
6.280000e-06	2.870458e-09	4.899350e-09	2.373707e+01	5.744612e+02
6.290000e-06	2.827512e-09	4.867262e-09	2.338194e+01	5.708410e+02
6.300000e-06	2.784455e-09	4.833780e-09	2.302587e+01	5.671887e+02
6.310000e-06	2.741284e-09	4.803502e-09	2.266887e+01	5.635074e+02
6.320000e-06	2.697991e-09	4.774873e-09	2.231087e+01	5.598000e+02
6.330000e-06	2.654570e-09	4.748722e-09	2.195180e+01	5.560686e+02
6.340000e-06	2.611030e-09	4.723504e-09	2.159175e+01	5.523149e+02
6.350000e-06	2.567377e-09	4.696188e-09	2.123077e+01	5.485401e+02
6.360000e-06	2.523606e-09	4.663999e-09	2.086880e+01	5.447448e+02
6.370000e-06	2.479709e-09	4.626199e-09	2.050580e+01	5.409291e+02
6.380000e-06	2.435692e-09	4.588719e-09	2.014180e+01	5.370924e+02
6.390000e-06	2.391565e-09	4.554457e-09	1.977690e+01	5.332333e+02
6.400000e-06	2.347333e-09	4.525823e-09	1.941113e+01	5.293496e+02
6.410000e-06	2.302998e-09	4.498265e-09	1.904450e+01	5.254382e+02
6.420000e-06	2.258552e-09	4.469069e-09	1.867696e+01	5.214952e+02
6.430000e-06	2.213993e-09	4.438611e-09	1.830848e+01	5.175161e+02
6.440000e-06	2.169334e-09	4.403938e-09	1.793918e+01	5.134959e+02
6.450000e-06	2.124576e-09	4.367613e-09	1.756905e+01	5.094302e+02
6.460000e-06	2.079711e-09	4.329083e-09	1.719805e+01	5.053147e+02
6.470000e-06	2.034748e-09	4.291393e-09	1.682623e+01	5.011462e+02
6.480000e-06	1.989699e-09	4.258263e-09	1.645369e+01	4.969231e+02
6.490000e-06	1.944572e-09	4.227257e-09	1.608053e+01	4.926451e+02
6.500000e-06	1.899364e-09	4.194411e-09	1.570668e+01	4.883135e+02
6.510000e-06	1.854070e-09	4.156863e-09	1.533213e+01	4.839312e+02
6.520000e-06	1.808695e-09	4.118765e-09	1.495690e+01	4.795021e+02
6.530000e-06	1.763245e-09	4.080813e-09	1.458105e+01	4.750307e+02
6.540000e-06	1.717726e-09	4.042159e-09	1.420464e+01	4.705214e+02
6.550000e-06	1.672139e-09	4.003080e-09	1.382766e+01	4.659781e+02
6.560000e-06	1.626480e-09	3.962265e-09	1.345008e+01	4.614035e+02
6.570000e-06	1.580752e-09	3.919886e-09	1.307194e+01	4.567987e+02
6.580000e-06	1.534958e-09	3.876766e-09	1.269325e+01	4.521631e+02
6.590000e-06	1.489094e-09	3.834116e-09	1.231398e+01	4.474946e+02
6.600000e-06	1.443159e-09	3.793024e-09	1.193412e+01	4.427896e+02
6.610000e-06	1.397153e-09	3.754811e-09	1.155368e+01	4.380436e+02
6.620000e-06	1.351081e-09	3.719798e-09	1.117269e+01	4.332521e+02
6.630000e-06	1.304949e-09	3.683425e-09	1.079120e+01	4.284106e+02
6.640000e-06	1.258755e-09	3.642412e-09	1.040921e+01	4.235158e+02
6.650000e-06	1.212501e-09	3.596474e-09	1.002671e+01	4.185656e+02
6.660000e-06	1.166195e-09	3.546577e-09	9.643789e+00	4.135598e+02
6.670000e-06	1.119838e-09	3.498371e-09	9.260443e+00	4.084995e+02
6.680000e-06	1.073433e-09	3.452810e-09	8.876702e+00	4.033873e+02
6.690000e-06	1.026986e-09	3.410708e-09	8.492612e+00	3.982265e+02
6.700000e-06	9.804990e-10	3.371343e-09	8.108189e+00	3.930210e+02
6.710000e-06	9.339779e-10	3.329912e-09	7.723486e+00	3.877742e+02
6.720000e-06	8.874266e-10	3.285518e-09	7.338533e+00	3.824887e+02
6.730000e-06	8.408469e-10	3.236355e-09	6.953345e+00	3.771658e+02
6.740000e-06	7.942392e-10	3.184654e-09	6.567926e+00	3.718051e+02
6.750000e-06	7.476033e-10	3.134071e-09	6.182274e+00	3.664047e+02
6.760000e-06	7.009412e-10	3.086056e-09	5.796405e+00	3.609615e+02
6.770000e-06	6.542472e-10	3.041230e-09	5.410271e+00	3.554709e+02
6.780000e-06	6.075224e-10	2.995866e-09	5.023884e+00	3.499281e+02
6.790000e-06	5.607697e-10	2.950474e-09	4.637266e+00	3.443283e+02
6.800000e-06	5.139850e-10	2.905036e-09	4.250382e+00	3.386670e+02
6.810000e-06	4.671728e-10	2.858323e-09	3.863272e+00	3.329407e+02
6.820000e-06	4.203349e-10	2.810078e-09	3.475949e+00	3.271468e+02
6.830000e-06	3.734673e-10	2.758949e-09	3.088381e+00	3.212839e+02
6.840000e-06	3.265705e-10	2.707158e-09	2.700571e+00	3.153512e+02
6.850000e-06	2.796573e-10	2.655924e-09	2.312626e+00	3.093486e+02
6.860000e-06	2.327337e-10	2.604311e-09	1.924594e+00	3.032757e+02
6.870000e-06	1.857983e-10	2.549163e-09	1.536465e+00	2.971323e+02
6.880000e-06	1.388558e-10	2.492995e-09	1.148277e+00	2.909170e+02
6.890000e-06	9.191567e-11	2.441814e-09	7.601087e-01	2.846279e+02
6.900000e-06	4.497958e-11	2.393529e-09	3.719738e-01	2.782621e+02
6.910000e-06	-1.953134e-12	2.342886e-09	-1.613332e-02	2.718160e+02
6.920000e-06	-4.887916e-11	2.286878e-09	-4.041850e-01	2.652860e+02
6.930000e-06	-9.579786e-11	2.229767e-09	-7.921759e-01	2.586683e+02
6.940000e-06	-1.427009e-10	2.172985e-09	-1.180037e+00	2.519602e+02
6.950000e-06	-1.895845e-10	2.115627e-09	-1.567738e+00	2.451600e+02
6.960000e-06	-2.364486e-10	2.059152e-09	-1.955278e+00	2.382677e+02
6.970000e-06	-2.833004e-10	2.001503e-09	-2.342716e+00	2.312847e+02
6.980000e-06	-3.301430e-10	1.943219e-09	-2.730077e+00	2.242143e+02
6.990000e-06	-3.769686e-10	1.887325e-09	-3.117298e+00	2.170608e+02
7.000000e-06	-4.237738e-10	1.828660e-09	-3.504351e+00	2.098292e+02
7.010000e-06	-4.705596e-10	1.765834e-09	-3.891243e+00	2.025247e+02
7.020000e-06	-5.173309e-10	1.703875e-09	-4.278015e+00	1.951514e+02
7.030000e-06	-5.640873e-10	1.640768e-09	-4.664664e+00	1.877125e+02
7.040000e-06	-6.108199e-10	1.579533e-09	-5.051116e+00	1.802091e+02
7.050000e-06	-6.575257e-10	1.515749e-09	-5.437347e+00	1.726402e+02
7.060000e-06	-7.042051e-10	1.451587e-09	-5.823359e+00	1.650028e+02
7.070000e-06	-7.508550e-10	1.388638e-09	-6.209128e+00	1.572921e+02
7.080000e-06	-7.974677e-10	1.320616e-09	-6.594588e+00	1.495020e+02
7.090000e-06	-8.440413e-10	1.254654e-09	-6.979726e+00	1.416259e+02
7.100000e-06	-8.905774e-10	1.187522e-09	-7.364553e+00	1.336575e+02
7.110000e-06	-9.370703e-10	1.125376e-09	-7.749023e+00	1.255915e+02
7.120000e-06	-9.835164e-10	1.065451e-09	-8.133106e+00	1.174245e+02
7.130000e-06	-1.029912e-09	9.991149e-10	-8.516768e+00	1.091553e+02
7.140000e-06	-1.076255e-09	9.290705e-10	-8.900004e+00	1.007850e+02
7.150000e-06	-1.122545e-09	8.498681e-10	-9.282797e+00	9.231720e+01
7.160000e-06	-1.168779e-09	7.682940e-10	-9.665123e+00	8.375741e+01
7.170000e-06	-1.214955e-09	6.853620e-10	-1.004697e+01	7.511274e+01
7.180000e-06	-1.261075e-09	6.079911e-10	-1.042835e+01	6.639110e+01
7.190000e-06	-1.307139e-09	5.398669e-10	-1.080928e+01	5.760057e+01
7.200000e-06	-1.353150e-09	4.717144e-10	-1.118977e+01	4.874873e+01
7.210000e-06	-1.399109e-09	3.999448e-10	-1.156982e+01	3.984222e+01
7.220000e-06	-1.445007e-09	3.210778e-10	-1.194937e+01	3.088642e+01
7.230000e-06	-1.490844e-09	2.389530e-10	-1.232842e+01	2.188534e+01
7.240000e-06	-1.536623e-09	1.533026e-10	-1.270699e+01	1.284179e+01
7.250000e-06	-1.582342e-09	7.119102e-11	-1.308505e+01	3.757647e+00
7.260000e-06	-1.627994e-09	-5.043171e-12	-1.346257e+01	-5.365773e+00
7.270000e-06	-1.673579e-09	-7.697154e-11	-1.383953e+01	-1.452726e+01
7.280000e-06	-1.719092e-09	-1.490134e-10	-1.421590e+01	-2.372534e+01
7.290000e-06	-1.764530e-09	-2.277886e-10	-1.459165e+01	-3.295799e+01
7.300000e-06	-1.809888e-09	-3.118494e-10	-1.496673e+01	-4.222251e+01
7.310000e-06	-1.855153e-09	-4.011686e-10	-1.534104e+01	-5.151549e+01
7.320000e-06	-1.900321e-09	-4.901015e-10	-1.571456e+01	-6.083298e+01
7.330000e-06	-1.945395e-09	-5.767514e-10	-1.608730e+01	-7.017072e+01
7.340000e-06	-1.990372e-09	-6.532707e-10	-1.645923e+01	-7.952439e+01
7.350000e-06	-2.035251e-09	-7.253458e-10	-1.683035e+01	-8.888991e+01
7.360000e-06	-2.080027e-09	-7.994978e-10	-1.720062e+01	-9.826360e+01
7.370000e-06	-2.124699e-09	-8.800829e-10	-1.757003e+01	-1.076423e+02
7.380000e-06	-2.169274e-09	-9.692765e-10	-1.793864e+01	-1.170232e+02
7.390000e-06	-2.213752e-09	-1.055509e-09	-1.830646e+01	-1.264039e+02
7.400000e-06	-2.258127e-09	-1.142057e-09	-1.867341e+01	-1.357819e+02
7.410000e-06	-2.302395e-09	-1.224186e-09	-1.903948e+01	-1.451545e+02
7.420000e-06	-2.346565e-09	-1.302632e-09	-1.940474e+01	-1.545182e+02
7.430000e-06	-2.390642e-09	-1.376664e-09	-1.976923e+01	-1.638688e+02
7.440000e-06	-2.434618e-09	-1.450008e-09	-2.013289e+01	-1.732013e+02
7.450000e-06	-2.478488e-09	-1.530813e-09	-2.049567e+01	-1.825096e+02
7.460000e-06	-2.522252e-09	-1.614849e-09	-2.085758e+01	-1.917869e+02
7.470000e-06	-2.565904e-09	-1.703195e-09	-2.121855e+01	-2.010262e+02
7.480000e-06	-2.609433e-09	-1.787824e-09	-2.157851e+01	-2.102203e+02
7.490000e-06	-2.652839e-09	-1.870858e-09	-2.193745e+01	-2.193628e+02
7.500000e-06	-2.696114e-09	-1.950112e-09	-2.229531e+01	-2.284481e+02
7.510000e-06	-2.739261e-09	-2.023962e-09	-2.265211e+01	-2.374722e+02
7.520000e-06	-2.782283e-09	-2.095348e-09	-2.300788e+01	-2.464322e+02
7.530000e-06	-2.825175e-09	-2.165288e-09	-2.336257e+01	-2.553272e+02
7.540000e-06	-2.867932e-09	-2.239570e-09	-2.371615e+01	-2.641574e+02
7.550000e-06	-2.910554e-09	-2.314955e-09	-2.406861e+01	-2.729242e+02
7.560000e-06	-2.953044e-09	-2.393162e-09	-2.441998e+01	-2.816296e+02
7.570000e-06	-2.995403e-09	-2.469383e-09	-2.477027e+01	-2.902755e+02
7.580000e-06	-3.037624e-09	-2.545094e-09	-2.511940e+01	-2.988635e+02
7.590000e-06	-3.079702e-09	-2.619230e-09	-2.546737e+01	-3.073944e+02
7.600000e-06	-3.121627e-09	-2.688628e-09	-2.581407e+01	-3.158676e+02
7.610000e-06	-3.163401e-09	-2.757861e-09	-2.615951e+01	-3.242812e+02
7.620000e-06	-3.205022e-09	-2.824700e-09	-2.650369e+01	-3.326317e+02
7.630000e-06	-3.246487e-09	-2.894154e-09	-2.684658e+01	-3.409149e+02
7.640000e-06	-3.287805e-09	-2.962299e-09	-2.718826e+01	-3.491254e+02
7.650000e-06	-3.328974e-09	-3.029936e-09	-2.752870e+01	-3.572577e+02
7.660000e-06	-3.369992e-09	-3.098177e-09	-2.786790e+01	-3.653061e+02
7.670000e-06	-3.410857e-09	-3.166723e-09	-2.820583e+01	-3.732658e+02
7.680000e-06	-3.451568e-09	-3.238263e-09	-2.854249e+01	-3.811325e+02
7.690000e-06	-3.492124e-09	-3.307617e-09	-2.887786e+01	-3.889035e+02
7.700000e-06	-3.532505e-09	-3.374313e-09	-2.921179e+01	-3.965770e+02
7.710000e-06	-3.572707e-09	-3.434149e-09	-2.954424e+01	-4.041527e+02
7.720000e-06	-3.612734e-09	-3.490861e-09	-2.987524e+01	-4.116313e+02
7.730000e-06	-3.652587e-09	-3.547845e-09	-3.020479e+01	-4.190141e+02
7.740000e-06	-3.692264e-09	-3.606345e-09	-3.053290e+01	-4.263034e+02
7.750000e-06	-3.731773e-09	-3.667752e-09	-3.085962e+01	-4.335014e+02
7.760000e-06	-3.771113e-09	-3.729774e-09	-3.118494e+01	-4.406105e+02
7.770000e-06	-3.810283e-09	-3.793491e-09	-3.150885e+01	-4.476327e+02
7.780000e-06	-3.849283e-09	-3.856055e-09	-3.183136e+01	-4.545697e+02
7.790000e-06	-3.888101e-09	-3.916831e-09	-3.215236e+01	-4.614228e+02
7.800000e-06	-3.926730e-09	-3.972165e-09	-3.247181e+01	-4.681927e+02
7.810000e-06	-3.965176e-09	-4.024823e-09	-3.278973e+01	-4.748797e+02
7.820000e-06	-4.003445e-09	-4.080472e-09	-3.310619e+01	-4.814837e+02
7.830000e-06	-4.041536e-09	-4.136139e-09	-3.342118e+01	-4.880043e+02
7.840000e-06	-4.079448e-09	-4.189844e-09	-3.373469e+01	-4.944406e+02
7.850000e-06	-4.117177e-09	-4.240920e-09	-3.404669e+01	-5.007916e+02
7.860000e-06	-4.154726e-09	-4.294427e-09	-3.435720e+01	-5.070560e+02
7.870000e-06	-4.192091e-09	-4.351551e-09	-3.466619e+01	-5.132320e+02
7.880000e-06	-4.229261e-09	-4.410033e-09	-3.497356e+01	-5.193177e+02
7.890000e-06	-4.266225e-09	-4.464843e-09	-3.527923e+01	-5.253111e+02
7.900000e-06	-4.302979e-09	-4.512846e-09	-3.558317e+01	-5.312098e+02
7.910000e-06	-4.339527e-09	-4.559568e-09	-3.588540e+01	-5.370116e+02
7.920000e-06	-4.375866e-09	-4.606897e-09	-3.618590e+01	-5.427146e+02
7.930000e-06	-4.411982e-09	-4.652001e-09	-3.648456e+01	-5.483169e+02
7.940000e-06	-4.447878e-09	-4.694978e-09	-3.678140e+01	-5.538174e+02
7.950000e-06	-4.483547e-09	-4.741958e-09	-3.707636e+01	-5.592158e+02
7.960000e-06	-4.518972e-09	-4.794814e-09	-3.736930e+01	-5.645127e+02
7.970000e-06	-4.554169e-09	-4.847546e-09	-3.766037e+01	-5.697093e+02
7.980000e-06	-4.589156e-09	-4.896091e-09	-3.794969e+01	-5.748082e+02
7.990000e-06	-4.623932e-09	-4.941471e-09	-3.823726e+01	-5.798124e+02
8.000000e-06	-4.658487e-09	-4.985564e-09	-3.852301e+01	-5.847256e+02
8.010000e-06	-4.692833e-09	-5.028067e-09	-3.880704e+01	-5.895520e+02
8.020000e-06	-4.726982e-09	-5.064920e-09	-3.908943e+01	-5.942956e+02
8.030000e-06	-4.760927e-09	-5.097846e-09	-3.937013e+01	-5.989603e+02
8.040000e-06	-4.794664e-09	-5.132802e-09	-3.964912e+01	-6.035496e+02
8.050000e-06	-4.828193e-09	-5.171597e-09	-3.992639e+01	-6.080662e+02
8.060000e-06	-4.861512e-09	-5.212138e-09	-4.020192e+01	-6.125122e+02
8.070000e-06	-4.894612e-09	-5.253571e-09	-4.047563e+01	-6.168891e+02
8.080000e-06	-4.927493e-09	-5.297149e-09	-4.074754e+01	-6.211978e+02
8.090000e-06	-4.960156e-09	-5.340643e-09	-4.101764e+01	-6.254386e+02
8.100000e-06	-4.992584e-09	-5.381689e-09	-4.128581e+01	-6.296119e+02
8.110000e-06	-5.024774e-09	-5.418632e-09	-4.155200e+01	-6.337181e+02
8.120000e-06	-5.056724e-09	-5.451154e-09	-4.181621e+01	-6.377576e+02
8.130000e-06	-5.088440e-09	-5.480859e-09	-4.207848e+01	-6.417316e+02
8.140000e-06	-5.119919e-09	-5.510468e-09	-4.233879e+01	-6.456416e+02
8.150000e-06	-5.151151e-09	-5.542834e-09	-4.259707e+01	-6.494895e+02
8.160000e-06	-5.182138e-09	-5.578044e-09	-4.285331e+01	-6.532778e+02
8.170000e-06	-5.212883e-09	-5.614748e-09	-4.310756e+01	-6.570092e+02
8.180000e-06	-5.243383e-09	-5.650906e-09	-4.335977e+01	-6.606867e+02
8.190000e-06	-5.273639e-09	-5.684050e-09	-4.360997e+01	-6.643130e+02
8.200000e-06	-5.303650e-09	-5.714623e-09	-4.385814e+01	-6.678908e+02
8.210000e-06	-5.333417e-09	-5.741343e-09	-4.410430e+01	-6.714222e+02
8.220000e-06	-5.362951e-09	-5.764528e-09	-4.434853e+01	-6.749089e+02
8.230000e-06	-5.392241e-09	-5.788083e-09	-4.459075e+01	-6.783522e+02
8.240000e-06	-5.421289e-09	-5.815774e-09	-4.483095e+01	-6.817527e+02
8.250000e-06	-5.450090e-09	-5.848799e-09	-4.506912e+01	-6.851104e+02
8.260000e-06	-5.478638e-09	-5.881757e-09	-4.530520e+01	-6.884249e+02
8.270000e-06	-5.506922e-09	-5.913208e-09	-4.553909e+01	-6.916952e+02
8.280000e-06	-5.534943e-09	-5.944031e-09	-4.577080e+01	-6.949200e+02
8.290000e-06	-5.562701e-09	-5.974033e-09	-4.600035e+01	-6.980978e+02
8.300000e-06	-5.590197e-09	-6.000923e-09	-4.622772e+01	-7.012268e+02
8.310000e-06	-5.617428e-09	-6.022143e-09	-4.645291e+01	-7.043051e+02
8.320000e-06	-5.644395e-09	-6.042060e-09	-4.667591e+01	-7.073306e+02
8.330000e-06	-5.671107e-09	-6.064466e-09	-4.689680e+01	-7.103018e+02
8.340000e-06	-5.697565e-09	-6.089356e-09	-4.711560e+01	-7.132170e+02
8.350000e-06	-5.723761e-09	-6.111900e-09	-4.733222e+01	-7.160755e+02
8.360000e-06	-5.749699e-09	-6.131809e-09	-4.754671e+01	-7.188770e+02
8.370000e-06	-5.775387e-09	-6.154971e-09	-4.775914e+01	-7.216220e+02
8.380000e-06	-5.800812e-09	-6.181341e-09	-4.796939e+01	-7.243121e+02
8.390000e-06	-5.825977e-09	-6.208337e-09	-4.817749e+01	-7.269498e+02
8.400000e-06	-5.850885e-09	-6.234228e-09	-4.838347e+01	-7.295384e+02
8.410000e-06	-5.875514e-09	-6.257811e-09	-4.858714e+01	-7.320820e+02
8.420000e-06	-5.899868e-09	-6.278493e-09	-4.878852e+01	-7.345852e+02
8.430000e-06	-5.923954e-09	-6.296479e-09	-4.898770e+01	-7.370523e+02
8.440000e-06	-5.947754e-09	-6.314184e-09	-4.918452e+01	-7.394876e+02
8.450000e-06	-5.971259e-09	-6.334139e-09	-4.937889e+01	-7.418945e+02
8.460000e-06	-5.994464e-09	-6.357643e-09	-4.957079e+01	-7.442750e+02
8.470000e-06	-6.017359e-09	-6.382598e-09	-4.976011e+01	-7.466299e+02
8.480000e-06	-6.039944e-09	-6.406348e-09	-4.994687e+01	-7.489586e+02
8.490000e-06	-6.062234e-09	-6.428949e-09	-5.013120e+01	-7.512586e+02
8.500000e-06	-6.084233e-09	-6.449623e-09	-5.031312e+01	-7.535268e+02
8.510000e-06	-6.105957e-09	-6.467821e-09	-5.049277e+01	-7.557588e+02
8.520000e-06	-6.127427e-09	-6.483489e-09	-5.067031e+01	-7.579502e+02
8.530000e-06	-6.148643e-09	-6.500091e-09	-5.084575e+01	-7.600971e+02
8.540000e-06	-6.169590e-09	-6.521039e-09	-5.101897e+01	-7.621962e+02
8.550000e-06	-6.190242e-09	-6.542633e-09	-5.118976e+01	-7.642459e+02
8.560000e-06	-6.210597e-09	-6.563296e-09	-5.135808e+01	-7.662460e+02
8.570000e-06	-6.230664e-09	-6.584260e-09	-5.152402e+01	-7.681981e+02
8.580000e-06	-6.250440e-09	-6.605476e-09	-5.168756e+01	-7.701053e+02
8.590000e-06	-6.269944e-09	-6.627628e-09	-5.184885e+01	-7.719719e+02
8.600000e-06	-6.289185e-09	-6.647230e-09	-5.200796e+01	-7.738028e+02
8.610000e-06	-6.308142e-09	-6.662497e-09	-5.216472e+01	-7.756025e+02
8.620000e-06	-6.326815e-09	-6.676305e-09	-5.231914e+01	-7.773751e+02
8.630000e-06	-6.345198e-09	-6.689327e-09	-5.247115e+01	-7.791231e+02
8.640000e-06	-6.363285e-09	-6.701582e-09	-5.262072e+01	-7.808472e+02
8.650000e-06	-6.381097e-09	-6.714981e-09	-5.276802e+01	-7.825464e+02
8.660000e-06	-6.398621e-09	-6.732920e-09	-5.291293e+01	-7.842177e+02
8.670000e-06	-6.415842e-09	-6.754733e-09	-5.305534e+01	-7.858565e+02
8.680000e-06	-6.432768e-09	-6.775762e-09	-5.319530e+01	-7.874576e+02
8.690000e-06	-6.449404e-09	-6.792637e-09	-5.333287e+01	-7.890155e+02
8.700000e-06	-6.465764e-09	-6.806417e-09	-5.346817e+01	-7.905250e+02
8.710000e-06	-6.481854e-09	-6.820032e-09	-5.360122e+01	-7.919825e+02
8.720000e-06	-6.497649e-09	-6.832472e-09	-5.373183e+01	-7.933859e+02
8.730000e-06	-6.513123e-09	-6.844797e-09	-5.385979e+01	-7.947350e+02
8.740000e-06	-6.528260e-09	-6.857133e-09	-5.398497e+01	-7.960318e+02
8.750000e-06	-6.543074e-09	-6.868351e-09	-5.410747e+01	-7.972798e+02
8.760000e-06	-6.557587e-09	-6.881229e-09	-5.422749e+01	-7.984837e+02
8.770000e-06	-6.571804e-09	-6.894619e-09	-5.434505e+01	-7.996487e+02
8.780000e-06	-6.585706e-09	-6.907300e-09	-5.446001e+01	-8.007797e+02
8.790000e-06	-6.599287e-09	-6.917364e-09	-5.457232e+01	-8.018809e+02
8.800000e-06	-6.612571e-09	-6.925932e-09	-5.468217e+01	-8.029549e+02
8.810000e-06	-6.625575e-09	-6.934751e-09	-5.478972e+01	-8.040031e+02
8.820000e-06	-6.638298e-09	-6.942535e-09	-5.489492e+01	-8.050250e+02
8.830000e-06	-6.650713e-09	-6.948891e-09	-5.499759e+01	-8.060190e+02
8.840000e-06	-6.662796e-09	-6.954074e-09	-5.509751e+01	-8.069828e+02
8.850000e-06	-6.674574e-09	-6.960051e-09	-5.519491e+01	-8.079136e+02
8.860000e-06	-6.686070e-09	-6.967435e-09	-5.528997e+01	-8.088094e+02
8.870000e-06	-6.697276e-09	-6.976394e-09	-5.538264e+01	-8.096689e+02
8.880000e-06	-6.708165e-09	-6.986128e-09	-5.547269e+01	-8.104925e+02
8.890000e-06	-6.718695e-09	-6.994179e-09	-5.555976e+01	-8.112816e+02
8.900000e-06	-6.728878e-09	-7.000131e-09	-5.564397e+01	-8.120392e+02
8.910000e-06	-6.738723e-09	-7.006096e-09	-5.572538e+01	-8.127690e+02
8.920000e-06	-6.748205e-09	-7.013196e-09	-5.580379e+01	-8.134753e+02
8.930000e-06	-6.757359e-09	-7.015445e-09	-5.587949e+01	-8.141618e+02
8.940000e-06	-6.766238e-09	-7.016393e-09	-5.595291e+01	-8.148313e+02
8.950000e-06	-6.774854e-09	-7.017748e-09	-5.602417e+01	-8.154852e+02
8.960000e-06	-6.783206e-09	-7.022963e-09	-5.609323e+01	-8.161233e+02
8.970000e-06	-6.791283e-09	-7.031281e-09	-5.616002e+01	-8.167438e+02
8.980000e-06	-6.799066e-09	-7.033687e-09	-5.622438e+01	-8.173439e+02
8.990000e-06	-6.806512e-09	-7.037592e-09	-5.628596e+01	-8.179201e+02
9.000000e-06	-6.813622e-09	-7.040253e-09	-5.634475e+01	-8.184690e+02
9.010000e-06	-6.820438e-09	-7.043845e-09	-5.640112e+01	-8.189882e+02
9.020000e-06	-6.826962e-09	-7.047440e-09	-5.645507e+01	-8.194769e+02
9.030000e-06	-6.833181e-09	-7.049466e-09	-5.650649e+01	-8.199364e+02
9.040000e-06	-6.839058e-09	-7.056663e-09	-5.655509e+01	-8.203697e+02
9.050000e-06	-6.844604e-09	-7.062132e-09	-5.660096e+01	-8.207819e+02
9.060000e-06	-6.849855e-09	-7.067516e-09	-5.664438e+01	-8.211790e+02
9.070000e-06	-6.854805e-09	-7.068467e-09	-5.668532e+01	-8.215672e+02
9.080000e-06	-6.859463e-09	-7.066794e-09	-5.672383e+01	-8.219516e+02
9.090000e-06	-6.863791e-09	-7.066773e-09	-5.675962e+01	-8.223355e+02
9.100000e-06	-6.867787e-09	-7.065494e-09	-5.679267e+01	-8.227194e+02
9.110000e-06	-6.871494e-09	-7.069258e-09	-5.682332e+01	-8.231008e+02
9.120000e-06	-6.874911e-09	-7.073318e-09	-5.685158e+01	-8.234737e+02
9.130000e-06	-6.878035e-09	-7.080125e-09	-5.687741e+01	-8.238298e+02
9.140000e-06	-6.880812e-09	-7.084828e-09	-5.690038e+01	-8.241591e+02
9.150000e-06	-6.883209e-09	-7.086477e-09	-5.692020e+01	-8.244514e+02
9.160000e-06	-6.885273e-09	-7.086724e-09	-5.693727e+01	-8.246979e+02
9.170000e-06	-6.887035e-09	-7.084362e-09	-5.695184e+01	-8.248924e+02
9.180000e-06	-6.888510e-09	-7.087132e-09	-5.696404e+01	-8.250328e+02
9.190000e-06	-6.889651e-09	-7.090527e-09	-5.697347e+01	-8.251216e+02
9.200000e-06	-6.890444e-09	-7.095976e-09	-5.698003e+01	-8.251659e+02
9.210000e-06	-6.890953e-09	-7.099893e-09	-5.698424e+01	-8.251766e+02
