script internal name (ver:210707): multilognorlanglmfit
data-filename:SP2
this-filename:fits/SP2.fit.01
[[Definition parameters]]
ndist: 1
weight: sep
[[status]]
Fit succeeded.
[[Fit Statistics]]
    # fitting method   = leastsq
    # function evals   = 427
    # data points      = 125
    # variables        = 5
    chi-square         = 9.44441146
    reduced chi-square = 0.07870343
    Akaike info crit   = -312.861319
    Bayesian info crit = -298.719750
[[Variables]]
    N0:    1.9737e+15 +/- 1.1146e+13 (0.56%) (init = 6.341507e+15)
    mu0:   10.0710808 +/- 0.01484422 (0.15%) (init = 7.65)
    sig0:  0.21752691 +/- 0.05326651 (24.49%) (init = 1.596)
    C:     5.4605e-08 +/- 1.4407e-08 (26.38%) (init = 1.302212e-06)
    T:     300 (fixed)
    dc:    3.6833e-04 +/- 4.7782e-05 (12.97%) (init = 0.0002269583)
[[Correlations]] (unreported correlations are < 0.100)
    C(mu0, sig0) = -0.9508
    C(N0, C)     = -0.7461
    C(N0, mu0)   = -0.7267
    C(mu0, C)    = +0.4964
    C(N0, sig0)  = +0.4787
    C(sig0, C)   = -0.3107
[[Derived Parameters]]
    mean-mu      = 24215.3+/-456.0 mb
    stddev       = 5330+/-1400 mb
    <mu>_mu      = 25388.7+/-959.6 mb
    sum squares  = 1.425650e-02
    m_s          = (4.43248+/-0.08714)e-01 (units)
[[data]]
-1.857340e+04 -4.391143e-01 1.743983e-03 -4.394922e-01 
-1.800000e+04 -4.388989e-01 1.271133e-03 -4.393207e-01 
-1.700000e+04 -4.388455e-01 1.000000e-03 -4.389990e-01 
-1.600000e+04 -4.381738e-01 1.000000e-03 -4.386438e-01 
-1.500000e+04 -4.387467e-01 1.000000e-03 -4.382486e-01 
-1.400000e+04 -4.380753e-01 1.000000e-03 -4.378047e-01 
-1.300000e+04 -4.376555e-01 1.000000e-03 -4.373009e-01 
-1.200000e+04 -4.369327e-01 1.000000e-03 -4.367223e-01 
-1.100000e+04 -4.357257e-01 1.000000e-03 -4.360484e-01 
-1.000000e+04 -4.352811e-01 1.000000e-03 -4.352506e-01 
-9.000000e+03 -4.341958e-01 1.000008e-03 -4.342877e-01 
-8.000015e+03 -4.331656e-01 1.000000e-03 -4.330977e-01 
-7.000000e+03 -4.317161e-01 9.999975e-04 -4.315833e-01 
-6.000010e+03 -4.291516e-01 1.000018e-03 -4.295823e-01 
-5.000035e+03 -4.272850e-01 1.000000e-03 -4.268029e-01 
-4.000010e+03 -4.228531e-01 9.999300e-04 -4.226608e-01 
-2.999895e+03 -4.160165e-01 9.999950e-04 -4.157928e-01 
-2.000000e+03 -4.012642e-01 1.000054e-03 -4.021145e-01 
-1.000003e+03 -3.617098e-01 1.904770e-03 -3.612692e-01 
-9.500045e+02 -3.586309e-01 1.999930e-02 -3.570044e-01 
-8.999990e+02 -3.539988e-01 1.999860e-02 -3.522812e-01 
-8.499975e+02 -3.494969e-01 1.999980e-02 -3.470272e-01 
-7.999980e+02 -3.443077e-01 2.000030e-02 -3.411539e-01 
-7.499990e+02 -3.382877e-01 1.999960e-02 -3.345547e-01 
-6.999960e+02 -3.318389e-01 1.999960e-02 -3.270998e-01 
-6.499970e+02 -3.241191e-01 2.000110e-02 -3.186348e-01 
-6.000015e+02 -3.153368e-01 2.000010e-02 -3.089719e-01 
-5.499975e+02 -3.047427e-01 1.999930e-02 -2.978830e-01 
-4.999980e+02 -2.929120e-01 2.000220e-02 -2.851030e-01 
-4.500085e+02 -2.780479e-01 2.000070e-02 -2.703204e-01 
-4.000015e+02 -2.595468e-01 1.999360e-02 -2.531695e-01 
-3.499765e+02 -2.379821e-01 2.000030e-02 -2.332562e-01 
-3.000030e+02 -2.108043e-01 2.000410e-02 -2.102114e-01 
-2.499970e+02 -1.779261e-01 1.999950e-02 -1.836371e-01 
-2.000005e+02 -1.384238e-01 3.333417e-02 -1.533076e-01 
-1.899985e+02 -1.299629e-01 1.000150e-01 -1.467816e-01 
-1.800035e+02 -1.212609e-01 1.000325e-01 -1.401092e-01 
-1.700050e+02 -1.135406e-01 1.000075e-01 -1.332853e-01 
-1.600050e+02 -1.044266e-01 9.992755e-02 -1.263138e-01 
-1.499905e+02 -9.646646e-02 9.997751e-02 -1.191884e-01 
-1.400005e+02 -8.853290e-02 1.000600e-01 -1.119410e-01 
-1.300025e+02 -8.085335e-02 9.997501e-02 -1.045529e-01 
-1.199955e+02 -7.354582e-02 9.997751e-02 -9.702831e-02 
-1.099980e+02 -6.635705e-02 1.000085e-01 -8.938727e-02 
-9.999720e+01 -5.969685e-02 1.000205e-01 -8.162697e-02 
-9.000210e+01 -5.290268e-02 1.000353e-01 -7.376205e-02 
-8.000425e+01 -4.652027e-02 1.000095e-01 -6.579432e-02 
-7.000400e+01 -4.039950e-02 9.998925e-02 -5.773313e-02 
-6.000210e+01 -3.436115e-02 9.998500e-02 -4.958882e-02 
-5.000100e+01 -2.843424e-02 1.000065e-01 -4.137381e-02 
-4.000340e+01 -2.274464e-02 9.997701e-02 -3.310133e-02 
-2.999640e+01 -1.716046e-02 1.000120e-01 -2.477213e-02 
-2.000580e+01 -1.176309e-02 1.667591e-01 -1.641958e-02 
-1.800305e+01 -1.049410e-02 4.998813e-01 -1.474182e-02 
-1.600485e+01 -9.357476e-03 4.996128e-01 -1.306697e-02 
-1.399995e+01 -8.179439e-03 4.988962e-01 -1.138571e-02 
-1.199600e+01 -7.018050e-03 4.998144e-01 -9.704538e-03 
-9.998465e+00 -5.874331e-03 5.002345e-01 -8.028153e-03 
-7.997875e+00 -4.730297e-03 5.007079e-01 -6.348704e-03 
-6.004120e+00 -3.607548e-03 5.009079e-01 -4.674595e-03 
-4.005125e+00 -2.466351e-03 5.001031e-01 -2.995786e-03 
-2.004945e+00 -1.333103e-03 4.975770e-01 -1.315782e-03 
1.435360e-02 -1.902712e-04 4.997645e-01 3.803823e-04 
1.996940e+00 9.691615e-04 5.011782e-01 2.045709e-03 
4.004950e+00 2.127625e-03 4.998469e-01 3.732290e-03 
5.998165e+00 3.266608e-03 5.004222e-01 5.406245e-03 
8.001575e+00 4.427275e-03 5.001188e-01 7.088461e-03 
9.997215e+00 5.560056e-03 4.999406e-01 8.763754e-03 
1.200205e+01 6.734561e-03 4.999081e-01 1.044627e-02 
1.399795e+01 7.902904e-03 5.001188e-01 1.212068e-02 
1.600110e+01 9.308702e-03 4.992885e-01 1.380048e-02 
1.800365e+01 1.049934e-02 5.006947e-01 1.547897e-02 
1.999555e+01 1.173977e-02 1.667598e-01 1.714764e-02 
2.999695e+01 1.708821e-02 9.996701e-02 2.550924e-02 
4.000215e+01 2.268527e-02 9.995102e-02 3.383694e-02 
5.000675e+01 2.851255e-02 1.000123e-01 4.211520e-02 
5.999970e+01 3.432666e-02 1.000333e-01 5.032351e-02 
7.000010e+01 4.023143e-02 9.999975e-02 5.846662e-02 
7.999975e+01 4.622749e-02 1.000005e-01 6.652737e-02 
9.000000e+01 5.338229e-02 1.000110e-01 7.449704e-02 
9.999755e+01 6.028662e-02 9.999000e-02 8.236389e-02 
1.100020e+02 6.694977e-02 1.000028e-01 9.012701e-02 
1.199970e+02 7.411224e-02 1.000175e-01 9.776610e-02 
1.299985e+02 8.179712e-02 9.997501e-02 1.052865e-01 
1.400020e+02 8.980893e-02 9.998500e-02 1.126787e-01 
1.500015e+02 9.735895e-02 1.000225e-01 1.199330e-01 
1.599975e+02 1.055743e-01 1.000100e-01 1.270452e-01 
1.699995e+02 1.145121e-01 9.999250e-02 1.340182e-01 
1.799990e+02 1.223709e-01 1.000000e-01 1.408428e-01 
1.899995e+02 1.307222e-01 1.000225e-01 1.475189e-01 
1.999945e+02 1.393629e-01 3.333444e-02 1.540404e-01 
2.499975e+02 1.779237e-01 1.999940e-02 1.843740e-01 
2.999975e+02 2.110179e-01 1.999850e-02 2.109453e-01 
3.500050e+02 2.381988e-01 1.999840e-02 2.340051e-01 
4.000055e+02 2.609541e-01 2.000150e-02 2.539077e-01 
4.499975e+02 2.783966e-01 2.000160e-02 2.710536e-01 
4.999975e+02 2.934024e-01 1.999900e-02 2.858395e-01 
5.500025e+02 3.055210e-01 2.000000e-02 2.986209e-01 
5.999975e+02 3.162474e-01 2.000010e-02 3.097077e-01 
6.500020e+02 3.244717e-01 1.999960e-02 3.193724e-01 
6.999995e+02 3.322159e-01 2.000100e-02 3.278370e-01 
7.499970e+02 3.387595e-01 2.000080e-02 3.352910e-01 
7.999955e+02 3.446609e-01 1.999770e-02 3.418903e-01 
8.500085e+02 3.496603e-01 1.999930e-02 3.477651e-01 
8.999990e+02 3.545799e-01 2.000060e-02 3.530178e-01 
9.500055e+02 3.585264e-01 2.000080e-02 3.577411e-01 
9.999950e+02 3.627618e-01 1.904772e-03 3.620052e-01 
2.000000e+03 4.018179e-01 9.999200e-04 4.028512e-01 
3.000155e+03 4.163286e-01 9.999950e-04 4.165319e-01 
4.000010e+03 4.236874e-01 1.000080e-03 4.233975e-01 
4.999995e+03 4.280175e-01 1.000005e-03 4.275394e-01 
6.000000e+03 4.308055e-01 9.999950e-04 4.303190e-01 
7.000005e+03 4.314930e-01 1.000000e-03 4.323200e-01 
8.000000e+03 4.340525e-01 1.000005e-03 4.338344e-01 
8.999995e+03 4.352198e-01 1.000000e-03 4.350243e-01 
1.000000e+04 4.360856e-01 9.999975e-04 4.359873e-01 
1.100000e+04 4.369075e-01 1.000000e-03 4.367850e-01 
1.200000e+04 4.369719e-01 1.000000e-03 4.374590e-01 
1.300000e+04 4.384188e-01 1.000000e-03 4.380376e-01 
1.400000e+04 4.388452e-01 1.000000e-03 4.385414e-01 
1.500000e+04 4.392498e-01 1.000000e-03 4.389852e-01 
1.600000e+04 4.390209e-01 1.000000e-03 4.393805e-01 
1.700000e+04 4.393960e-01 1.000000e-03 4.397356e-01 
1.800000e+04 4.404111e-01 1.294959e-03 4.400574e-01 
1.854445e+04 4.398283e-01 1.836716e-03 4.402204e-01 
