script internal name (ver:210707): multilognorlanglmfit
data-filename:SP2
this-filename:fits/SP2.fit.00
[[Definition parameters]]
ndist: 1
weight: sep
[[status]]
Fit succeeded.
[[Fit Statistics]]
    # fitting method   = leastsq
    # function evals   = 421
    # data points      = 125
    # variables        = 5
    chi-square         = 9.39534259
    reduced chi-square = 0.07829452
    Akaike info crit   = -313.512455
    Bayesian info crit = -299.370886
[[Variables]]
    N0:    1.9686e+15 +/- 1.1117e+13 (0.56%) (init = 6.325012e+15)
    mu0:   10.0710806 +/- 0.01484426 (0.15%) (init = 7.65)
    sig0:  0.21752750 +/- 0.05326631 (24.49%) (init = 1.596)
    C:     5.4463e-08 +/- 1.4369e-08 (26.38%) (init = 1.298825e-06)
    T:     300 (fixed)
    dc:    3.6737e-04 +/- 4.7658e-05 (12.97%) (init = 0.0002263679)
[[Correlations]] (unreported correlations are < 0.100)
    C(mu0, sig0) = -0.9508
    C(N0, C)     = -0.7461
    C(N0, mu0)   = -0.7267
    C(mu0, C)    = +0.4964
    C(N0, sig0)  = +0.4787
    C(sig0, C)   = -0.3107
[[Derived Parameters]]
    mean-mu      = 24215.3+/-456.0 mb
    stddev       = 5330+/-1400 mb
    <mu>_mu      = 25388.7+/-959.6 mb
    sum squares  = 1.418246e-02
    m_s          = (4.42095+/-0.08691)e-01 (units)
[[data]]
-1.857340e+04 -4.379721e-01 1.743983e-03 -4.383490e-01 
-1.800000e+04 -4.377572e-01 1.271133e-03 -4.381780e-01 
-1.700000e+04 -4.377040e-01 1.000000e-03 -4.378571e-01 
-1.600000e+04 -4.370341e-01 1.000000e-03 -4.375028e-01 
-1.500000e+04 -4.376055e-01 1.000000e-03 -4.371086e-01 
-1.400000e+04 -4.369358e-01 1.000000e-03 -4.366659e-01 
-1.300000e+04 -4.365171e-01 1.000000e-03 -4.361634e-01 
-1.200000e+04 -4.357962e-01 1.000000e-03 -4.355863e-01 
-1.100000e+04 -4.345923e-01 1.000000e-03 -4.349142e-01 
-1.000000e+04 -4.341489e-01 1.000000e-03 -4.341185e-01 
-9.000000e+03 -4.330664e-01 1.000008e-03 -4.331581e-01 
-8.000015e+03 -4.320389e-01 1.000000e-03 -4.319712e-01 
-7.000000e+03 -4.305932e-01 9.999975e-04 -4.304607e-01 
-6.000010e+03 -4.280353e-01 1.000018e-03 -4.284649e-01 
-5.000035e+03 -4.261736e-01 1.000000e-03 -4.256927e-01 
-4.000010e+03 -4.217532e-01 9.999300e-04 -4.215614e-01 
-2.999895e+03 -4.149344e-01 9.999950e-04 -4.147113e-01 
-2.000000e+03 -4.002204e-01 1.000054e-03 -4.010686e-01 
-1.000003e+03 -3.607689e-01 1.904770e-03 -3.603295e-01 
-9.500045e+02 -3.576981e-01 1.999930e-02 -3.560757e-01 
-8.999990e+02 -3.530780e-01 1.999860e-02 -3.513648e-01 
-8.499975e+02 -3.485878e-01 1.999980e-02 -3.461245e-01 
-7.999980e+02 -3.434121e-01 2.000030e-02 -3.402666e-01 
-7.499990e+02 -3.374077e-01 1.999960e-02 -3.336844e-01 
-6.999960e+02 -3.309757e-01 1.999960e-02 -3.262490e-01 
-6.499970e+02 -3.232760e-01 2.000110e-02 -3.178060e-01 
-6.000015e+02 -3.145166e-01 2.000010e-02 -3.081682e-01 
-5.499975e+02 -3.039500e-01 1.999930e-02 -2.971082e-01 
-4.999980e+02 -2.921501e-01 2.000220e-02 -2.843614e-01 
-4.500085e+02 -2.773247e-01 2.000070e-02 -2.696173e-01 
-4.000015e+02 -2.588717e-01 1.999360e-02 -2.525110e-01 
-3.499765e+02 -2.373630e-01 2.000030e-02 -2.326495e-01 
-3.000030e+02 -2.102560e-01 2.000410e-02 -2.096646e-01 
-2.499970e+02 -1.774633e-01 1.999950e-02 -1.831594e-01 
-2.000005e+02 -1.380637e-01 3.333417e-02 -1.529089e-01 
-1.899985e+02 -1.296248e-01 1.000150e-01 -1.463998e-01 
-1.800035e+02 -1.209454e-01 1.000325e-01 -1.397448e-01 
-1.700050e+02 -1.132453e-01 1.000075e-01 -1.329387e-01 
-1.600050e+02 -1.041550e-01 9.992755e-02 -1.259853e-01 
-1.499905e+02 -9.621553e-02 9.997751e-02 -1.188784e-01 
-1.400005e+02 -8.830261e-02 1.000600e-01 -1.116498e-01 
-1.300025e+02 -8.064304e-02 9.997501e-02 -1.042809e-01 
-1.199955e+02 -7.335451e-02 9.997751e-02 -9.677594e-02 
-1.099980e+02 -6.618445e-02 1.000085e-01 -8.915478e-02 
-9.999720e+01 -5.954157e-02 1.000205e-01 -8.141466e-02 
-9.000210e+01 -5.276508e-02 1.000353e-01 -7.357020e-02 
-8.000425e+01 -4.639926e-02 1.000095e-01 -6.562320e-02 
-7.000400e+01 -4.029442e-02 9.998925e-02 -5.758297e-02 
-6.000210e+01 -3.427177e-02 9.998500e-02 -4.945984e-02 
-5.000100e+01 -2.836028e-02 1.000065e-01 -4.126620e-02 
-4.000340e+01 -2.268548e-02 9.997701e-02 -3.301523e-02 
-2.999640e+01 -1.711583e-02 1.000120e-01 -2.470770e-02 
-2.000580e+01 -1.173249e-02 1.667591e-01 -1.637687e-02 
-1.800305e+01 -1.046681e-02 4.998813e-01 -1.470347e-02 
-1.600485e+01 -9.333136e-03 4.996128e-01 -1.303298e-02 
-1.399995e+01 -8.158163e-03 4.988962e-01 -1.135609e-02 
-1.199600e+01 -6.999795e-03 4.998144e-01 -9.679297e-03 
-9.998465e+00 -5.859051e-03 5.002345e-01 -8.007272e-03 
-7.997875e+00 -4.717993e-03 5.007079e-01 -6.332191e-03 
-6.004120e+00 -3.598164e-03 5.009079e-01 -4.662436e-03 
-4.005125e+00 -2.459935e-03 5.001031e-01 -2.987994e-03 
-2.004945e+00 -1.329636e-03 4.975770e-01 -1.312359e-03 
1.435360e-02 -1.897763e-04 4.997645e-01 3.793929e-04 
1.996940e+00 9.666405e-04 5.011782e-01 2.040388e-03 
4.004950e+00 2.122090e-03 4.998469e-01 3.722582e-03 
5.998165e+00 3.258111e-03 5.004222e-01 5.392184e-03 
8.001575e+00 4.415759e-03 5.001188e-01 7.070025e-03 
9.997215e+00 5.545593e-03 4.999406e-01 8.740960e-03 
1.200205e+01 6.717043e-03 4.999081e-01 1.041910e-02 
1.399795e+01 7.882347e-03 5.001188e-01 1.208915e-02 
1.600110e+01 9.284489e-03 4.992885e-01 1.376458e-02 
1.800365e+01 1.047203e-02 5.006947e-01 1.543871e-02 
1.999555e+01 1.170924e-02 1.667598e-01 1.710304e-02 
2.999695e+01 1.704376e-02 9.996701e-02 2.544289e-02 
4.000215e+01 2.262626e-02 9.995102e-02 3.374893e-02 
5.000675e+01 2.843839e-02 1.000123e-01 4.200566e-02 
5.999970e+01 3.423738e-02 1.000333e-01 5.019262e-02 
7.000010e+01 4.012678e-02 9.999975e-02 5.831455e-02 
7.999975e+01 4.610724e-02 1.000005e-01 6.635433e-02 
9.000000e+01 5.324344e-02 1.000110e-01 7.430327e-02 
9.999755e+01 6.012980e-02 9.999000e-02 8.214967e-02 
1.100020e+02 6.677563e-02 1.000028e-01 8.989259e-02 
1.199970e+02 7.391946e-02 1.000175e-01 9.751181e-02 
1.299985e+02 8.158435e-02 9.997501e-02 1.050127e-01 
1.400020e+02 8.957532e-02 9.998500e-02 1.123857e-01 
1.500015e+02 9.710571e-02 1.000225e-01 1.196210e-01 
1.599975e+02 1.052997e-01 1.000100e-01 1.267147e-01 
1.699995e+02 1.142142e-01 9.999250e-02 1.336696e-01 
1.799990e+02 1.220525e-01 1.000000e-01 1.404765e-01 
1.899995e+02 1.303822e-01 1.000225e-01 1.471352e-01 
1.999945e+02 1.390004e-01 3.333444e-02 1.536398e-01 
2.499975e+02 1.774609e-01 1.999940e-02 1.838945e-01 
2.999975e+02 2.104690e-01 1.999850e-02 2.103967e-01 
3.500050e+02 2.375792e-01 1.999840e-02 2.333964e-01 
4.000055e+02 2.602753e-01 2.000150e-02 2.532472e-01 
4.499975e+02 2.776724e-01 2.000160e-02 2.703485e-01 
4.999975e+02 2.926392e-01 1.999900e-02 2.850960e-01 
5.500025e+02 3.047263e-01 2.000000e-02 2.978441e-01 
5.999975e+02 3.154248e-01 2.000010e-02 3.089021e-01 
6.500020e+02 3.236277e-01 1.999960e-02 3.185416e-01 
6.999995e+02 3.313517e-01 2.000100e-02 3.269843e-01 
7.499970e+02 3.378783e-01 2.000080e-02 3.344189e-01 
7.999955e+02 3.437644e-01 1.999770e-02 3.410010e-01 
8.500085e+02 3.487508e-01 1.999930e-02 3.468605e-01 
8.999990e+02 3.536575e-01 2.000060e-02 3.520996e-01 
9.500055e+02 3.575939e-01 2.000080e-02 3.568106e-01 
9.999950e+02 3.618182e-01 1.904772e-03 3.610636e-01 
2.000000e+03 4.007727e-01 9.999200e-04 4.018033e-01 
3.000155e+03 4.152456e-01 9.999950e-04 4.154484e-01 
4.000010e+03 4.225854e-01 1.000080e-03 4.222961e-01 
4.999995e+03 4.269041e-01 1.000005e-03 4.264273e-01 
6.000000e+03 4.296849e-01 9.999950e-04 4.291996e-01 
7.000005e+03 4.303706e-01 1.000000e-03 4.311954e-01 
8.000000e+03 4.329234e-01 1.000005e-03 4.327059e-01 
8.999995e+03 4.340877e-01 1.000000e-03 4.338928e-01 
1.000000e+04 4.349513e-01 9.999975e-04 4.348532e-01 
1.100000e+04 4.357710e-01 1.000000e-03 4.356489e-01 
1.200000e+04 4.358353e-01 1.000000e-03 4.363211e-01 
1.300000e+04 4.372784e-01 1.000000e-03 4.368982e-01 
1.400000e+04 4.377037e-01 1.000000e-03 4.374006e-01 
1.500000e+04 4.381072e-01 1.000000e-03 4.378434e-01 
1.600000e+04 4.378790e-01 1.000000e-03 4.382376e-01 
1.700000e+04 4.382530e-01 1.000000e-03 4.385918e-01 
1.800000e+04 4.392655e-01 1.294959e-03 4.389127e-01 
1.854445e+04 4.386843e-01 1.836716e-03 4.390754e-01 
